timestamp,L1.V,L1.P,L1.Q,L1.S,L1.I,L1.PF,F,measure_cons
2022-02-20T00:00:00.000Z,0,0,231.2,0,0,0,50,0
2022-02-20T00:01:00.000Z,0,0,232.8,0,0,0,50,0
2022-02-20T00:02:00.000Z,0,0,232.6,0,0,0,50,0
2022-02-20T00:03:00.000Z,0,0,232.8,0,0,0,49.9,0
2022-02-20T00:04:00.000Z,0,0,233.5,0,0,0,50,0
2022-02-20T00:05:00.000Z,0,0,233.8,0,0,0,50,0
2022-02-20T00:06:00.000Z,0,0,233.3,0,0,0,50.1,0
2022-02-20T00:07:00.000Z,0,0,232.9,0,0,0,50.1,0
2022-02-20T00:08:00.000Z,0,0,231.9,0,0,0,50,0
2022-02-20T00:09:00.000Z,0,0,231.8,0,0,0,50,0
2022-02-20T00:10:00.000Z,0,0,231.6,0,0,0,50,0
2022-02-20T00:11:00.000Z,0,0,231.7,0,0,0,49.9,0
2022-02-20T00:12:00.000Z,0,0,232.7,0,0,0,50,0
2022-02-20T00:13:00.000Z,0,0,232.9,0,0,0,50,0
2022-02-20T00:14:00.000Z,0,0,232.9,0,0,0,49.9,0
2022-02-20T00:15:00.000Z,0,0,233,0,0,0,50,0
2022-02-20T00:16:00.000Z,0,0,233,0,0,0,49.9,0
2022-02-20T00:17:00.000Z,0,0,233.1,0,0,0,49.9,0
2022-02-20T00:18:00.000Z,0,0,232.1,0,0,0,49.9,0
2022-02-20T00:19:00.000Z,0,0,231.8,0,0,0,49.9,0
2022-02-20T00:20:00.000Z,0,0,232.1,0,0,0,49.9,0
2022-02-20T00:21:00.000Z,0,0,233.9,0,0,0,49.9,0
2022-02-20T00:22:00.000Z,0,0,233.9,0,0,0,50,0
2022-02-20T00:23:00.000Z,0.1,0.1,233.8,0,0,0.006,49.9,0
2022-02-20T00:24:00.000Z,0,0,233.8,0,0,0,50,0
2022-02-20T00:25:00.000Z,0,0,234.1,0,0,0,50,0
2022-02-20T00:26:00.000Z,0,0,234.3,0,0,0,50,0
2022-02-20T00:27:00.000Z,0,0,234.4,0,0,0,50,0
2022-02-20T00:28:00.000Z,0.1,0.1,234.3,0,0,0.006,50,0
2022-02-20T00:29:00.000Z,0,0,234.3,0,0,0,50,0
2022-02-20T00:30:00.000Z,0,0,234.2,0,0,0,50,0
2022-02-20T00:31:00.000Z,0,0,234.4,0,0,0,50,0
2022-02-20T00:32:00.000Z,0.1,0.1,234,0,0,0.006,50,0
2022-02-20T00:33:00.000Z,0.1,0.1,233.9,0,0,0.005,50,0
2022-02-20T00:34:00.000Z,0.1,0.1,233.9,0,0,0.005,50,0
2022-02-20T00:35:00.000Z,0,0,232.6,0,0,0,50,0
2022-02-20T00:36:00.000Z,0,0,232.3,0,0,0,50,0
2022-02-20T00:37:00.000Z,0,0,230.1,0,0,0,50,0
2022-02-20T00:38:00.000Z,0,0,230.6,0,0,0,50.1,0
2022-02-20T00:39:00.000Z,0,0,231.8,0,0,0,50,0
2022-02-20T00:40:00.000Z,0,0,232.8,0,0,0,50,0
2022-02-20T00:41:00.000Z,0.1,0.1,234.3,0,0,0.006,50.1,0
2022-02-20T00:42:00.000Z,0,0,234.3,0,0,0,50.1,0
2022-02-20T00:43:00.000Z,0,0,234.6,0,0,0,50.1,0
2022-02-20T00:44:00.000Z,0,0,234.7,0,0,0,50.1,0
2022-02-20T00:45:00.000Z,0,0,234.2,0,0,0,50.1,0
2022-02-20T00:46:00.000Z,0,0,234.5,0,0,0,50.1,0
2022-02-20T00:47:00.000Z,0.1,0.1,234.4,0,0,0.005,50.1,0
2022-02-20T00:48:00.000Z,0,0,234.5,0,0,0,50.1,0
2022-02-20T00:49:00.000Z,0.2,0.2,234.6,0,0.001,0.01,50.4,0
2022-02-20T00:50:00.000Z,0,0,234.5,0,0,0,50.4,0
2022-02-20T00:51:00.000Z,0,0,234.7,0,0,0,50.4,0
2022-02-20T00:52:00.000Z,0,0,234,0,0,0,50.3,0
2022-02-20T00:53:00.000Z,0,0,233.4,0,0,0,50.3,0
2022-02-20T00:54:00.000Z,0.1,0.1,233.7,0,0,0.005,50.3,0
2022-02-20T00:55:00.000Z,0,0,234,0,0,0,50.2,0
2022-02-20T00:56:00.000Z,0.1,0.1,234.7,0,0,0.005,50.1,0
2022-02-20T00:57:00.000Z,0,0,234.6,0,0,0,50.1,0
2022-02-20T00:58:00.000Z,0,0,234.3,0,0,0,50.2,0
2022-02-20T00:59:00.000Z,0,0,234.1,0,0,0,50.2,0
2022-02-20T01:00:00.000Z,1,1.1,234.3,-0.3,-0.003,-0.063,50.1,-0.3
2022-02-20T01:01:00.000Z,0,0,234.5,0,0,0,50.1,0
2022-02-20T01:02:00.000Z,0,0,234.5,0,0,0,50.1,0
2022-02-20T01:03:00.000Z,0.2,0.2,234.3,0.1,0.001,0.011,50.1,0.1
2022-02-20T01:04:00.000Z,0,0,234.4,0,0,0,50.2,0
2022-02-20T01:05:00.000Z,0,0,234.2,0,0,0,50.2,0
2022-02-20T01:06:00.000Z,0,0,234.7,0,0,0,50.2,0
2022-02-20T01:07:00.000Z,0,0,235.1,0,0,0,50,0
2022-02-20T01:08:00.000Z,0,0,235.2,0,0,0,50,0
2022-02-20T01:09:00.000Z,0,0,235.5,0,0,0,50,0
2022-02-20T01:10:00.000Z,0,0,235.4,0,0,0,50,0
2022-02-20T01:11:00.000Z,0.1,0.1,234.9,0,0,0.005,50,0
2022-02-20T01:12:00.000Z,0,0,235.3,0,0,0,50,0
2022-02-20T01:13:00.000Z,0.1,0.1,235.5,0,0,0.006,50,0
2022-02-20T01:14:00.000Z,0,0,235.6,0,0,0,50,0
2022-02-20T01:15:00.000Z,0,0,235.3,0,0,0,49.9,0
2022-02-20T01:16:00.000Z,0,0,235.3,0,0,0,50,0
2022-02-20T01:17:00.000Z,0.1,0.1,235.1,0,0,0.005,50,0
2022-02-20T01:18:00.000Z,0,0,235.3,0,0,0,50,0
2022-02-20T01:19:00.000Z,0,0,235.3,0,0,0,49.9,0
2022-02-20T01:20:00.000Z,0.1,0.1,235.2,0,0,0.005,50,0
2022-02-20T01:21:00.000Z,0,0,233.6,0,0,0,50,0
2022-02-20T01:22:00.000Z,0,0,232.6,0,0,0,50,0
2022-02-20T01:23:00.000Z,0.1,0.1,232.6,0,0,0.006,50,0
2022-02-20T01:24:00.000Z,0,0,232.8,0,0,0,50,0
2022-02-20T01:25:00.000Z,0,0,235,0,0,0,50,0
2022-02-20T01:26:00.000Z,0.1,0.1,235.5,0,0,0.006,50,0
2022-02-20T01:27:00.000Z,0,0,234.9,0,0,0,50,0
2022-02-20T01:28:00.000Z,0,0,234.5,0,0,0,50,0
2022-02-20T01:29:00.000Z,0,0,233.3,0,0,0,50,0
2022-02-20T01:30:00.000Z,0,0,233.6,0,0,0,50,0
2022-02-20T01:31:00.000Z,0,0,234.5,0,0,0,50,0
2022-02-20T01:32:00.000Z,0,0,235.2,0,0,0,50,0
2022-02-20T01:33:00.000Z,0,0,235.2,0,0,0,50,0
2022-02-20T01:34:00.000Z,0,0,235.1,0,0,0,50,0
2022-02-20T01:35:00.000Z,0,0,234.9,0,0,0,49.9,0
2022-02-20T01:36:00.000Z,0,0,234.8,0,0,0,49.9,0
2022-02-20T01:37:00.000Z,0,0,235.3,0,0,0,49.9,0
2022-02-20T01:38:00.000Z,0,0,235.8,0,0,0,50.1,0
2022-02-20T01:39:00.000Z,0,0,235.6,0,0,0,50,0
2022-02-20T01:40:00.000Z,0,0,235.5,0,0,0,50,0
2022-02-20T01:41:00.000Z,0.1,0.1,235.3,0,0,0.005,50,0
2022-02-20T01:42:00.000Z,0,0,234.8,0,0,0,50,0
2022-02-20T01:43:00.000Z,0,0,235,0,0,0,50,0
2022-02-20T01:44:00.000Z,0,0,234.8,0,0,0,49.9,0
2022-02-20T01:45:00.000Z,0,0,235.2,0,0,0,50,0
2022-02-20T01:46:00.000Z,0,0,235,0,0,0,49.9,0
2022-02-20T01:47:00.000Z,0.1,0.1,235,0,0,0.005,49.9,0
2022-02-20T01:48:00.000Z,0.2,0.2,235.1,0,0.001,0.01,50,0
2022-02-20T01:49:00.000Z,0,0,235.4,0,0,0,50,0
2022-02-20T01:50:00.000Z,0.1,0.1,235.3,0,0,0.005,49.9,0
2022-02-20T01:51:00.000Z,0,0,235,0,0,0,49.9,0
2022-02-20T01:52:00.000Z,0.1,0.2,234.9,0.1,0.001,0.011,49.9,0.1
2022-02-20T01:53:00.000Z,0.1,0.1,234.9,0,0,0.005,49.9,0
2022-02-20T01:54:00.000Z,0,0,235.1,0,0,0,49.9,0
2022-02-20T01:55:00.000Z,0,0,235.2,0,0,0,49.9,0
2022-02-20T01:56:00.000Z,0.1,0.1,235.6,0,0,0.005,49.9,0
2022-02-20T01:57:00.000Z,0,0,235.7,0,0,0,49.9,0
2022-02-20T01:58:00.000Z,0,0,235.7,0,0,0,49.9,0
2022-02-20T01:59:00.000Z,0.2,0.2,235.7,0,0.001,0.01,49.9,0
2022-02-20T02:00:00.000Z,0,0,235.6,0,0,0,49.9,0
2022-02-20T02:01:00.000Z,0,0,235.6,0,0,0,49.9,0
2022-02-20T02:02:00.000Z,0,0,235.8,0,0,0,49.9,0
2022-02-20T02:03:00.000Z,0,0,235.6,0,0,0,49.9,0
2022-02-20T02:04:00.000Z,0.2,0.2,235.4,0,0.001,0.01,50,0
2022-02-20T02:05:00.000Z,0,0,235.7,0,0,0,49.9,0
2022-02-20T02:06:00.000Z,0,0,236,0,0,0,49.9,0
2022-02-20T02:07:00.000Z,0,0,236.3,0,0,0,50,0
2022-02-20T02:08:00.000Z,0,0,236.5,0,0,0,50,0
2022-02-20T02:09:00.000Z,0,0,236.5,0,0,0,50,0
2022-02-20T02:10:00.000Z,0,0,236,0,0,0,49.9,0
2022-02-20T02:11:00.000Z,0,0,235.9,0,0,0,49.9,0
2022-02-20T02:12:00.000Z,0,0,233.6,0,0,0,50,0
2022-02-20T02:13:00.000Z,0,0,233.8,0,0,0,50,0
2022-02-20T02:14:00.000Z,0,0,233.7,0,0,0,50,0
2022-02-20T02:15:00.000Z,0,0,234.7,0,0,0,49.9,0
2022-02-20T02:16:00.000Z,0,0,236.1,0,0,0,49.9,0
2022-02-20T02:17:00.000Z,0,0,236.2,0,0,0,49.9,0
2022-02-20T02:18:00.000Z,0,0,236.2,0,0,0,49.9,0
2022-02-20T02:19:00.000Z,0.1,0.1,236.3,0,0,0.005,49.9,0
2022-02-20T02:20:00.000Z,0.1,0.1,236.3,0,0,0.005,50,0
2022-02-20T02:21:00.000Z,0,0,236.2,0,0,0,49.9,0
2022-02-20T02:22:00.000Z,0.1,0.1,236.2,0,0,0.006,49.9,0
2022-02-20T02:23:00.000Z,0.1,0.1,236.1,0,0,0.005,50,0
2022-02-20T02:24:00.000Z,0,0,236.2,0,0,0,50,0
2022-02-20T02:25:00.000Z,0,0,236.1,0,0,0,49.9,0
2022-02-20T02:26:00.000Z,0,0,236.1,0,0,0,50,0
2022-02-20T02:27:00.000Z,0,0,233.1,0,0,0,50,0
2022-02-20T02:28:00.000Z,0,0,231.5,0,0,0,49.9,0
2022-02-20T02:29:00.000Z,0,0,231.4,0,0,0,49.9,0
2022-02-20T02:30:00.000Z,0,0,231.4,0,0,0,49.9,0
2022-02-20T02:31:00.000Z,0,0,231.4,0,0,0,49.9,0
2022-02-20T02:32:00.000Z,0,0,231.5,0,0,0,49.9,0
2022-02-20T02:33:00.000Z,0,0,231.5,0,0,0,49.9,0
2022-02-20T02:34:00.000Z,0,0,231.3,0,0,0,49.9,0
2022-02-20T02:35:00.000Z,0,0,231.2,0,0,0,50,0
2022-02-20T02:36:00.000Z,0,0,231.3,0,0,0,50,0
2022-02-20T02:37:00.000Z,0,0,231.1,0,0,0,49.9,0
2022-02-20T02:38:00.000Z,0,0,231,0,0,0,49.9,0
2022-02-20T02:39:00.000Z,0,0,231.1,0,0,0,50,0
2022-02-20T02:40:00.000Z,0,0,230.4,0,0,0,50,0
2022-02-20T02:41:00.000Z,0,0,230.2,0,0,0,49.9,0
2022-02-20T02:42:00.000Z,0,0,230.6,0,0,0,49.9,0
2022-02-20T02:43:00.000Z,0,0,231,0,0,0,49.9,0
2022-02-20T02:44:00.000Z,0,0,231.3,0,0,0,49.9,0
2022-02-20T02:45:00.000Z,0,0,231.5,0,0,0,50,0
2022-02-20T02:46:00.000Z,0,0,231.3,0,0,0,49.9,0
2022-02-20T02:47:00.000Z,0,0,231.3,0,0,0,49.9,0
2022-02-20T02:48:00.000Z,0,0,231.4,0,0,0,50,0
2022-02-20T02:49:00.000Z,0,0,231.2,0,0,0,49.9,0
2022-02-20T02:50:00.000Z,0,0,231.3,0,0,0,49.9,0
2022-02-20T02:51:00.000Z,0,0,231.2,0,0,0,49.9,0
2022-02-20T02:52:00.000Z,0,0,231.3,0,0,0,50,0
2022-02-20T02:53:00.000Z,0,0,231.3,0,0,0,50,0
2022-02-20T02:54:00.000Z,0,0,231.4,0,0,0,50,0
2022-02-20T02:55:00.000Z,0,0,231.3,0,0,0,49.9,0
2022-02-20T02:56:00.000Z,0,0,231.3,0,0,0,49.9,0
2022-02-20T02:57:00.000Z,0,0,231.3,0,0,0,49.9,0
2022-02-20T02:58:00.000Z,0,0,231.3,0,0,0,49.9,0
2022-02-20T02:59:00.000Z,0,0,230.9,0,0,0,49.9,0
2022-02-20T03:00:00.000Z,0,0,231.1,0,0,0,50,0
2022-02-20T03:01:00.000Z,0,0,230.1,0,0,0,50,0
2022-02-20T03:02:00.000Z,0,0,228.9,0,0,0,50,0
2022-02-20T03:03:00.000Z,0,0,228.9,0,0,0,49.9,0
2022-02-20T03:04:00.000Z,0,0,228.4,0,0,0,49.9,0
2022-02-20T03:05:00.000Z,0,0,230,0,0,0,49.9,0
2022-02-20T03:06:00.000Z,0,0,229.9,0,0,0,49.9,0
2022-02-20T03:07:00.000Z,0,0,230.5,0,0,0,49.9,0
2022-02-20T03:08:00.000Z,0,0,231.3,0,0,0,50,0
2022-02-20T03:09:00.000Z,0,0,231.2,0,0,0,49.9,0
2022-02-20T03:10:00.000Z,0,0,231.5,0,0,0,49.9,0
2022-02-20T03:11:00.000Z,0,0,231.5,0,0,0,49.9,0
2022-02-20T03:12:00.000Z,0,0,231.5,0,0,0,49.9,0
2022-02-20T03:13:00.000Z,0,0,231.3,0,0,0,49.9,0
2022-02-20T03:14:00.000Z,0,0,231.3,0,0,0,49.9,0
2022-02-20T03:15:00.000Z,0,0,231.3,0,0,0,49.9,0
2022-02-20T03:16:00.000Z,0,0,231.1,0,0,0,49.9,0
2022-02-20T03:17:00.000Z,0,0,230.8,0,0,0,49.9,0
2022-02-20T03:18:00.000Z,0,0,230.9,0,0,0,49.9,0
2022-02-20T03:19:00.000Z,0,0,230.8,0,0,0,49.9,0
2022-02-20T03:20:00.000Z,0,0,231,0,0,0,49.9,0
2022-02-20T03:21:00.000Z,0,0,231,0,0,0,49.9,0
2022-02-20T03:22:00.000Z,0,0,231,0,0,0,49.9,0
2022-02-20T03:23:00.000Z,0,0,230.8,0,0,0,49.9,0
2022-02-20T03:24:00.000Z,0,0,231.1,0,0,0,49.9,0
2022-02-20T03:25:00.000Z,0,0,231.2,0,0,0,50,0
2022-02-20T03:26:00.000Z,0,0,231.1,0,0,0,50,0
2022-02-20T03:27:00.000Z,0,0,230.8,0,0,0,49.9,0
2022-02-20T03:28:00.000Z,0,0,230.8,0,0,0,49.9,0
2022-02-20T03:29:00.000Z,0,0,231.2,0,0,0,50,0
2022-02-20T03:30:00.000Z,0,0,231.7,0,0,0,49.9,0
2022-02-20T03:31:00.000Z,0,0,231.6,0,0,0,50,0
2022-02-20T03:32:00.000Z,0,0,231.6,0,0,0,50,0
2022-02-20T03:33:00.000Z,0,0,231.3,0,0,0,49.9,0
2022-02-20T03:34:00.000Z,0,0,231.4,0,0,0,49.9,0
2022-02-20T03:35:00.000Z,0,0,231.1,0,0,0,49.9,0
2022-02-20T03:36:00.000Z,0,0,231.3,0,0,0,49.9,0
2022-02-20T03:37:00.000Z,0,0,231.1,0,0,0,50,0
2022-02-20T03:38:00.000Z,0,0,231.2,0,0,0,49.9,0
2022-02-20T03:39:00.000Z,0,0,231.2,0,0,0,49.9,0
2022-02-20T03:40:00.000Z,0,0,231.3,0,0,0,49.9,0
2022-02-20T03:41:00.000Z,0,0,231.3,0,0,0,49.9,0
2022-02-20T03:42:00.000Z,0,0,231.5,0,0,0,49.9,0
2022-02-20T03:43:00.000Z,0,0,231.5,0,0,0,50,0
2022-02-20T03:44:00.000Z,0,0,231.5,0,0,0,50,0
2022-02-20T03:45:00.000Z,0,0,231.6,0,0,0,50,0
2022-02-20T03:46:00.000Z,0,0,231.8,0,0,0,50,0
2022-02-20T03:47:00.000Z,0,0,231.6,0,0,0,50,0
2022-02-20T03:48:00.000Z,0,0,231.7,0,0,0,50,0
2022-02-20T03:49:00.000Z,0,0,231.6,0,0,0,50,0
2022-02-20T03:50:00.000Z,0,0,231.3,0,0,0,50,0
2022-02-20T03:51:00.000Z,0,0,231.3,0,0,0,49.9,0
2022-02-20T03:52:00.000Z,0,0,231.6,0,0,0,49.9,0
2022-02-20T03:53:00.000Z,0,0,229.6,0,0,0,49.9,0
2022-02-20T03:54:00.000Z,0,0,228.5,0,0,0,50,0
2022-02-20T03:55:00.000Z,0,0,228.3,0,0,0,50,0
2022-02-20T03:56:00.000Z,0,0,229.2,0,0,0,50,0
2022-02-20T03:57:00.000Z,0,0,231.4,0,0,0,50,0
2022-02-20T03:58:00.000Z,0,0,231.4,0,0,0,49.9,0
2022-02-20T03:59:00.000Z,0,0,231.5,0,0,0,49.9,0
2022-02-20T04:00:00.000Z,0,0,231.5,0,0,0,49.9,0
2022-02-20T04:01:00.000Z,0,0,231.3,0,0,0,49.9,0
2022-02-20T04:02:00.000Z,0,0,231.4,0,0,0,49.9,0
2022-02-20T04:03:00.000Z,0,0,231.5,0,0,0,49.9,0
2022-02-20T04:04:00.000Z,0,0,231.5,0,0,0,49.9,0
2022-02-20T04:05:00.000Z,0,0,231.1,0,0,0,50,0
2022-02-20T04:06:00.000Z,0,0,230.8,0,0,0,50,0
2022-02-20T04:07:00.000Z,0,0,231,0,0,0,50,0
2022-02-20T04:08:00.000Z,0,0,231.3,0,0,0,50,0
2022-02-20T04:09:00.000Z,0,0,231.3,0,0,0,50,0
2022-02-20T04:10:00.000Z,0,0,231.1,0,0,0,50,0
2022-02-20T04:11:00.000Z,0,0,231,0,0,0,49.9,0
2022-02-20T04:12:00.000Z,0,0,230.9,0,0,0,49.9,0
2022-02-20T04:13:00.000Z,0,0,231,0,0,0,49.9,0
2022-02-20T04:14:00.000Z,0.1,0.1,231,0,0,0.006,49.9,0
2022-02-20T04:15:00.000Z,0,0,231,0,0,0,49.9,0
2022-02-20T04:16:00.000Z,0.1,0.1,231,0,0,0.005,49.9,0
2022-02-20T04:17:00.000Z,0,0,231,0,0,0,49.9,0
2022-02-20T04:18:00.000Z,0,0,231.2,0,0,0,50,0
2022-02-20T04:19:00.000Z,0,0,231.7,0,0,0,50,0
2022-02-20T04:20:00.000Z,0,0,231.5,0,0,0,50,0
2022-02-20T04:21:00.000Z,0,0,231.7,0,0,0,49.9,0
2022-02-20T04:22:00.000Z,0,0,231.9,0,0,0,49.9,0
2022-02-20T04:23:00.000Z,0,0,231.7,0,0,0,49.9,0
2022-02-20T04:24:00.000Z,0,0,231.6,0,0,0,50,0
2022-02-20T04:25:00.000Z,0,0,231.6,0,0,0,50,0
2022-02-20T04:26:00.000Z,0,0,231.6,0,0,0,49.9,0
2022-02-20T04:27:00.000Z,0.1,0.1,231.5,0,0,0.005,49.9,0
2022-02-20T04:28:00.000Z,0,0,231.2,0,0,0,49.9,0
2022-02-20T04:29:00.000Z,0,0,231.1,0,0,0,49.9,0
2022-02-20T04:30:00.000Z,0,0,231.1,0,0,0,49.9,0
2022-02-20T04:31:00.000Z,0,0,231,0,0,0,49.9,0
2022-02-20T04:32:00.000Z,0,0,231.1,0,0,0,49.9,0
2022-02-20T04:33:00.000Z,0,0,231,0,0,0,49.9,0
2022-02-20T04:34:00.000Z,0,0,230.8,0,0,0,49.9,0
2022-02-20T04:35:00.000Z,0,0,231.2,0,0,0,50,0
2022-02-20T04:36:00.000Z,0,0,231.6,0,0,0,50,0
2022-02-20T04:37:00.000Z,0,0,232,0,0,0,50,0
2022-02-20T04:38:00.000Z,0,0,231.1,0,0,0,50,0
2022-02-20T04:39:00.000Z,0,0,230.9,0,0,0,50,0
2022-02-20T04:40:00.000Z,0,0,230.6,0,0,0,49.9,0
2022-02-20T04:41:00.000Z,0,0,230.5,0,0,0,49.9,0
2022-02-20T04:42:00.000Z,0,0,230.3,0,0,0,49.9,0
2022-02-20T04:43:00.000Z,0,0,230.3,0,0,0,49.9,0
2022-02-20T04:44:00.000Z,0,0,230.7,0,0,0,50,0
2022-02-20T04:45:00.000Z,0,0,231.5,0,0,0,50,0
2022-02-20T04:46:00.000Z,0,0,231.5,0,0,0,50,0
2022-02-20T04:47:00.000Z,0.1,0.1,230.4,0,0,0.006,49.9,0
2022-02-20T04:48:00.000Z,0,0,227.9,0,0,0,49.9,0
2022-02-20T04:49:00.000Z,0.1,0.1,227.9,0,0,0.005,49.9,0
2022-02-20T04:50:00.000Z,0,0,226.6,0,0,0,49.9,0
2022-02-20T04:51:00.000Z,0,0,228.5,0,0,0,50,0
2022-02-20T04:52:00.000Z,0.1,0.2,229.9,0,0.001,0.01,50,0
2022-02-20T04:53:00.000Z,0,0,231.5,0,0,0,49.9,0
2022-02-20T04:54:00.000Z,0,0,231.9,0,0,0,50,0
2022-02-20T04:55:00.000Z,0,0,231.9,0,0,0,49.9,0
2022-02-20T04:56:00.000Z,0,0,231.4,0,0,0,49.9,0
2022-02-20T04:57:00.000Z,0,0,231.2,0,0,0,49.9,0
2022-02-20T04:58:00.000Z,0.1,0.1,231.3,0,0,0.006,50,0
2022-02-20T04:59:00.000Z,0,0,231.4,0,0,0,50,0
2022-02-20T05:00:00.000Z,0,0,231.6,0,0,0,49.9,0
2022-02-20T05:01:00.000Z,0,0,231.8,0,0,0,49.9,0
2022-02-20T05:02:00.000Z,0,0,231.8,0,0,0,49.9,0
2022-02-20T05:03:00.000Z,0,0,231.9,0,0,0,49.9,0
2022-02-20T05:04:00.000Z,0,0,231.9,0,0,0,50,0
2022-02-20T05:05:00.000Z,0,0,231.7,0,0,0,49.9,0
2022-02-20T05:06:00.000Z,0,0,231.6,0,0,0,49.9,0
2022-02-20T05:07:00.000Z,0,0,231.5,0,0,0,50,0
2022-02-20T05:08:00.000Z,0,0,231.5,0,0,0,50,0
2022-02-20T05:09:00.000Z,0,0,230.6,0,0,0,49.9,0
2022-02-20T05:10:00.000Z,0,0,230.1,0,0,0,49.9,0
2022-02-20T05:11:00.000Z,0,0,230.2,0,0,0,50,0
2022-02-20T05:12:00.000Z,0,0,230.2,0,0,0,50,0
2022-02-20T05:13:00.000Z,0,0,230.3,0,0,0,49.9,0
2022-02-20T05:14:00.000Z,0,0,230.2,0,0,0,49.9,0
2022-02-20T05:15:00.000Z,0.1,0.1,229.7,0,0,0.006,50,0
2022-02-20T05:16:00.000Z,0,0,229,0,0,0,49.9,0
2022-02-20T05:17:00.000Z,0,0,229.3,0,0,0,50,0
2022-02-20T05:18:00.000Z,0,0,230.1,0,0,0,49.9,0
2022-02-20T05:19:00.000Z,0,0,229.3,0,0,0,49.9,0
2022-02-20T05:20:00.000Z,0,0,229.6,0,0,0,49.9,0
2022-02-20T05:21:00.000Z,0,0,229.7,0,0,0,50,0
2022-02-20T05:22:00.000Z,0,0,230.2,0,0,0,49.9,0
2022-02-20T05:23:00.000Z,0,0,230.6,0,0,0,49.9,0
2022-02-20T05:24:00.000Z,0,0,231.6,0,0,0,49.9,0
2022-02-20T05:25:00.000Z,0,0,230.5,0,0,0,49.9,0
2022-02-20T05:26:00.000Z,0,0,230.3,0,0,0,50,0
2022-02-20T05:27:00.000Z,0,0,230.2,0,0,0,50,0
2022-02-20T05:28:00.000Z,0,0,231.4,0,0,0,49.9,0
2022-02-20T05:29:00.000Z,0,0,230.6,0,0,0,49.9,0
2022-02-20T05:30:00.000Z,0,0,230.5,0,0,0,49.9,0
2022-02-20T05:31:00.000Z,0,0,229.8,0,0,0,49.9,0
2022-02-20T05:32:00.000Z,0,0,231.5,0,0,0,49.9,0
2022-02-20T05:33:00.000Z,0,0,230.6,0,0,0,49.9,0
2022-02-20T05:34:00.000Z,0,0,230.5,0,0,0,49.9,0
2022-02-20T05:35:00.000Z,0,0,231.1,0,0,0,49.9,0
2022-02-20T05:36:00.000Z,0,0,230.5,0,0,0,50,0
2022-02-20T05:37:00.000Z,0,0,230.7,0,0,0,49.9,0
2022-02-20T05:38:00.000Z,0,0,230.8,0,0,0,49.9,0
2022-02-20T05:39:00.000Z,0,0,230.7,0,0,0,49.9,0
2022-02-20T05:40:00.000Z,0,0,230.8,0,0,0,49.9,0
2022-02-20T05:41:00.000Z,0,0,230.4,0,0,0,49.9,0
2022-02-20T05:42:00.000Z,0,0,228,0,0,0,49.9,0
2022-02-20T05:43:00.000Z,0,0,227.6,0,0,0,49.9,0
2022-02-20T05:44:00.000Z,0,0,227.9,0,0,0,49.9,0
2022-02-20T05:45:00.000Z,0,0,228.6,0,0,0,49.9,0
2022-02-20T05:46:00.000Z,0,0,230.3,0,0,0,49.9,0
2022-02-20T05:47:00.000Z,0,0,230.4,0,0,0,49.9,0
2022-02-20T05:48:00.000Z,0,0,230.4,0,0,0,49.9,0
2022-02-20T05:49:00.000Z,0.1,0.1,230.5,0,0,0.005,49.9,0
2022-02-20T05:50:00.000Z,0,0,230.4,0,0,0,50,0
2022-02-20T05:51:00.000Z,0,0,230,0,0,0,49.9,0
2022-02-20T05:52:00.000Z,0,0,230.1,0,0,0,50,0
2022-02-20T05:53:00.000Z,0,0,230.3,0,0,0,50,0
2022-02-20T05:54:00.000Z,0,0,230.1,0,0,0,49.9,0
2022-02-20T05:55:00.000Z,0,0,230.1,0,0,0,49.9,0
2022-02-20T05:56:00.000Z,0,0,230.3,0,0,0,49.9,0
2022-02-20T05:57:00.000Z,0,0,230.3,0,0,0,49.9,0
2022-02-20T05:58:00.000Z,0,0,230,0,0,0,49.9,0
2022-02-20T05:59:00.000Z,0,0,230.3,0,0,0,49.9,0
2022-02-20T06:00:00.000Z,0,0,230.4,0,0,0,49.9,0
2022-02-20T06:01:00.000Z,0,0,230.1,0,0,0,49.9,0
2022-02-20T06:02:00.000Z,0,0,230,0,0,0,49.9,0
2022-02-20T06:03:00.000Z,0,0,230.2,0,0,0,49.9,0
2022-02-20T06:04:00.000Z,0,0,230,0,0,0,50,0
2022-02-20T06:05:00.000Z,0,0,230.5,0,0,0,50,0
2022-02-20T06:06:00.000Z,0,0,230.8,0,0,0,49.9,0
2022-02-20T06:07:00.000Z,0,0,230.7,0,0,0,49.9,0
2022-02-20T06:08:00.000Z,0,0,230.7,0,0,0,49.9,0
2022-02-20T06:09:00.000Z,0,0,230.2,0,0,0,49.9,0
2022-02-20T06:10:00.000Z,0,0,229.5,0,0,0,49.9,0
2022-02-20T06:11:00.000Z,0,0,229.2,0,0,0,50,0
2022-02-20T06:12:00.000Z,0,0,229.1,0,0,0,50,0
2022-02-20T06:13:00.000Z,0,0,229.4,0,0,0,50,0
2022-02-20T06:14:00.000Z,0,0,229.8,0,0,0,49.9,0
2022-02-20T06:15:00.000Z,0,0,230,0,0,0,49.9,0
2022-02-20T06:16:00.000Z,0,0,229.2,0,0,0,49.9,0
2022-02-20T06:17:00.000Z,0,0,229.3,0,0,0,49.9,0
2022-02-20T06:18:00.000Z,0,0,230,0,0,0,49.9,0
2022-02-20T06:19:00.000Z,0,0,230.5,0,0,0,49.9,0
2022-02-20T06:20:00.000Z,0,0,230.2,0,0,0,49.9,0
2022-02-20T06:21:00.000Z,0,0,230.4,0,0,0,49.9,0
2022-02-20T06:22:00.000Z,0,0,230.4,0,0,0,50,0
2022-02-20T06:23:00.000Z,0,0,230.6,0,0,0,50,0
2022-02-20T06:24:00.000Z,0,0,230.3,0,0,0,50,0
2022-02-20T06:25:00.000Z,0,0,230.2,0,0,0,50,0
2022-02-20T06:26:00.000Z,0,0,229.8,0,0,0,49.9,0
2022-02-20T06:27:00.000Z,0,0,229.4,0,0,0,49.9,0
2022-02-20T06:28:00.000Z,0,0,229.3,0,0,0,50,0
2022-02-20T06:29:00.000Z,0,0,229.3,0,0,0,50,0
2022-02-20T06:30:00.000Z,0,0,229.5,0,0,0,50,0
2022-02-20T06:31:00.000Z,0,0,229.5,0,0,0,50,0
2022-02-20T06:32:00.000Z,0.1,0.1,229.3,0,0,0.005,50,0
2022-02-20T06:33:00.000Z,0,0,229.9,0,0,0,50,0
2022-02-20T06:34:00.000Z,0,0,229.8,0,0,0,49.9,0
2022-02-20T06:35:00.000Z,0,0,229.8,0,0,0,49.9,0
2022-02-20T06:36:00.000Z,0,0,229.5,0,0,0,50,0
2022-02-20T06:37:00.000Z,0,0,229.7,0,0,0,50,0
2022-02-20T06:38:00.000Z,0,0,229.7,0,0,0,50,0
2022-02-20T06:39:00.000Z,0,0,229.6,0,0,0,49.9,0
2022-02-20T06:40:00.000Z,0,0,228.1,0,0,0,49.9,0
2022-02-20T06:41:00.000Z,0,0,225.5,0,0,0,50,0
2022-02-20T06:42:00.000Z,0,0,226.2,0,0,0,50,0
2022-02-20T06:43:00.000Z,0,0,226.3,0,0,0,49.9,0
2022-02-20T06:44:00.000Z,0,0,228.9,0,0,0,49.9,0
2022-02-20T06:45:00.000Z,0,0,229.8,0,0,0,50,0
2022-02-20T06:46:00.000Z,0.1,0.1,229.9,0,0,0.005,50,0
2022-02-20T06:47:00.000Z,0,0,230,0,0,0,50,0
2022-02-20T06:48:00.000Z,0,0,229.8,0,0,0,50,0
2022-02-20T06:49:00.000Z,0,0,229.1,0,0,0,50,0
2022-02-20T06:50:00.000Z,0,0,229.2,0,0,0,50,0
2022-02-20T06:51:00.000Z,0,0,230.7,0,0,0,50,0
2022-02-20T06:52:00.000Z,0,0,231,0,0,0,49.9,0
2022-02-20T06:53:00.000Z,0,0,231,0,0,0,49.9,0
2022-02-20T06:54:00.000Z,0,0,230.9,0,0,0,49.9,0
2022-02-20T06:55:00.000Z,0,0,230.9,0,0,0,49.9,0
2022-02-20T06:56:00.000Z,0,0,230.6,0,0,0,49.9,0
2022-02-20T06:57:00.000Z,0.1,0.1,229.6,0,0,0.005,49.9,0
2022-02-20T06:58:00.000Z,0.1,0.1,229.3,0,0,0.006,49.9,0
2022-02-20T06:59:00.000Z,0,0,229.4,0,0,0,50,0
2022-02-20T07:00:00.000Z,0,0,229.9,0,0,0,49.9,0
2022-02-20T07:01:00.000Z,0,0,230.9,0,0,0,49.9,0
2022-02-20T07:02:00.000Z,0,0,231,0,0,0,49.9,0
2022-02-20T07:03:00.000Z,0,0,230.9,0,0,0,50,0
2022-02-20T07:04:00.000Z,0,0,230.1,0,0,0,49.9,0
2022-02-20T07:05:00.000Z,0,0,230,0,0,0,49.9,0
2022-02-20T07:06:00.000Z,0,0,228.5,0,0,0,49.9,0
2022-02-20T07:07:00.000Z,0,0,228.3,0,0,0,49.9,0
2022-02-20T07:08:00.000Z,0,0,228.6,0,0,0,49.9,0
2022-02-20T07:09:00.000Z,0,0,228.6,0,0,0,50,0
2022-02-20T07:10:00.000Z,0,0,228.7,0,0,0,50,0
2022-02-20T07:11:00.000Z,0,0,229.4,0,0,0,49.9,0
2022-02-20T07:12:00.000Z,0,0,229.7,0,0,0,50,0
2022-02-20T07:13:00.000Z,0,0,230.1,0,0,0,49.9,0
2022-02-20T07:14:00.000Z,0,0,230.3,0,0,0,49.9,0
2022-02-20T07:15:00.000Z,0,0,230.6,0,0,0,49.9,0
2022-02-20T07:16:00.000Z,0,0,230.3,0,0,0,49.9,0
2022-02-20T07:17:00.000Z,0,0,230.2,0,0,0,49.9,0
2022-02-20T07:18:00.000Z,0,0,230.1,0,0,0,49.9,0
2022-02-20T07:19:00.000Z,0,0,228.8,0,0,0,50,0
2022-02-20T07:20:00.000Z,0,0,228.7,0,0,0,50,0
2022-02-20T07:21:00.000Z,0,0,228.6,0,0,0,50,0
2022-02-20T07:22:00.000Z,0,0,229.3,0,0,0,50,0
2022-02-20T07:23:00.000Z,0,0,230.7,0,0,0,50,0
2022-02-20T07:24:00.000Z,0,0,230.9,0,0,0,50,0
2022-02-20T07:25:00.000Z,0,0,230.8,0,0,0,50,0
2022-02-20T07:26:00.000Z,0,0,231,0,0,0,50,0
2022-02-20T07:27:00.000Z,0,0,231,0,0,0,50,0
2022-02-20T07:28:00.000Z,0,0,230.6,0,0,0,50,0
2022-02-20T07:29:00.000Z,0,0,230.6,0,0,0,50,0
2022-02-20T07:30:00.000Z,0,0,230.7,0,0,0,50,0
2022-02-20T07:31:00.000Z,0,0,231,0,0,0,50,0
2022-02-20T07:32:00.000Z,0.1,0.1,231.4,0,0,0.006,49.9,0
2022-02-20T07:33:00.000Z,0,0,231.5,0,0,0,49.9,0
2022-02-20T07:34:00.000Z,0,0,231.2,0,0,0,49.9,0
2022-02-20T07:35:00.000Z,0,0,230.4,0,0,0,50,0
2022-02-20T07:36:00.000Z,0,0,230.6,0,0,0,50,0
2022-02-20T07:37:00.000Z,0,0,230.6,0,0,0,50,0
2022-02-20T07:38:00.000Z,0,0,231.6,0,0,0,50,0
2022-02-20T07:39:00.000Z,0,0,228.9,0,0,0,50,0
2022-02-20T07:40:00.000Z,0,0,228.5,0,0,0,50,0
2022-02-20T07:41:00.000Z,0,0,228.6,0,0,0,50,0
2022-02-20T07:42:00.000Z,0,0,230.8,0,0,0,50,0
2022-02-20T07:43:00.000Z,0,0,230.8,0,0,0,50,0
2022-02-20T07:44:00.000Z,0,0,230.8,0,0,0,50,0
2022-02-20T07:45:00.000Z,0,0,231,0,0,0,50,0
2022-02-20T07:46:00.000Z,0,0,231.5,0,0,0,50,0
2022-02-20T07:47:00.000Z,0,0,231.4,0,0,0,50,0
2022-02-20T07:48:00.000Z,0,0,231.6,0,0,0,50,0
2022-02-20T07:49:00.000Z,0,0,231.9,0,0,0,49.9,0
2022-02-20T07:50:00.000Z,0,0,232,0,0,0,50,0
2022-02-20T07:51:00.000Z,0.1,0.1,232.7,0,0,0.005,50,0
2022-02-20T07:52:00.000Z,0,0,235.2,0,0,0,50,0
2022-02-20T07:53:00.000Z,0,0,236.3,0,0,0,50,0
2022-02-20T07:54:00.000Z,0,0,235.7,0,0,0,50,0
2022-02-20T07:55:00.000Z,0,0,235.8,0,0,0,49.9,0
2022-02-20T07:56:00.000Z,0,0,235.9,0,0,0,50,0
2022-02-20T07:57:00.000Z,0,0,235.6,0,0,0,50,0
2022-02-20T07:58:00.000Z,0,0,234.5,0,0,0,50,0
2022-02-20T07:59:00.000Z,0,0,234.3,0,0,0,50,0
2022-02-20T08:00:00.000Z,0,0,235.2,0,0,0,50,0
2022-02-20T08:01:00.000Z,0,0,236.1,0,0,0,49.9,0
2022-02-20T08:02:00.000Z,0,0,236.3,0,0,0,49.9,0
2022-02-20T08:03:00.000Z,0,0,236.7,0,0,0,49.9,0
2022-02-20T08:04:00.000Z,0,0,236.7,0,0,0,49.9,0
2022-02-20T08:05:00.000Z,0,0,236.8,0,0,0,50,0
2022-02-20T08:06:00.000Z,0,0,236.5,0,0,0,49.9,0
2022-02-20T08:07:00.000Z,0,0,236.6,0,0,0,50,0
2022-02-20T08:08:00.000Z,0,0,236.8,0,0,0,50,0
2022-02-20T08:09:00.000Z,0,0,236.9,0,0,0,49.9,0
2022-02-20T08:10:00.000Z,0,0,237.1,0,0,0,50,0
2022-02-20T08:11:00.000Z,0,0,236.8,0,0,0,50,0
2022-02-20T08:12:00.000Z,0,0,235.7,0,0,0,50,0
2022-02-20T08:13:00.000Z,0,0,236.1,0,0,0,50,0
2022-02-20T08:14:00.000Z,0,0,236.6,0,0,0,50,0
2022-02-20T08:15:00.000Z,0,0,236.5,0,0,0,49.9,0
2022-02-20T08:16:00.000Z,0,0,236.3,0,0,0,50,0
2022-02-20T08:17:00.000Z,0,0,235.4,0,0,0,50,0
2022-02-20T08:18:00.000Z,0.1,11.3,234.8,10.4,0.044,0.35,49.9,10.4
2022-02-20T08:19:00.000Z,-3.6,33.8,235.4,33.7,0.143,0.995,50,33.7
2022-02-20T08:20:00.000Z,-3.5,38.8,235.9,38.7,0.164,0.997,50,38.7
2022-02-20T08:21:00.000Z,-3.3,44.7,236.9,44.7,0.188,0.998,49.9,44.7
2022-02-20T08:22:00.000Z,-2.7,58.2,235.7,58.1,0.246,0.999,49.9,58.1
2022-02-20T08:23:00.000Z,-3,81.2,235.8,81.2,0.344,1,50,81.2
2022-02-20T08:24:00.000Z,-2.3,119.9,235.3,119.9,0.509,1,50,119.9
2022-02-20T08:25:00.000Z,-1.9,164.9,235.1,164.9,0.701,1,49.9,164.9
2022-02-20T08:26:00.000Z,-2.1,193.8,235.7,193.8,0.822,1,49.9,193.8
2022-02-20T08:27:00.000Z,-1.6,203.4,235.9,203.4,0.862,1,49.9,203.4
2022-02-20T08:28:00.000Z,-1.6,204.2,236.4,204.2,0.864,1,49.9,204.2
2022-02-20T08:29:00.000Z,-1.7,209.5,236.3,209.5,0.886,1,50,209.5
2022-02-20T08:30:00.000Z,-1.2,208.6,235.6,208.6,0.885,1,49.9,208.6
2022-02-20T08:31:00.000Z,-1.5,212.1,231.2,212.1,0.922,1,49.9,212.1
2022-02-20T08:32:00.000Z,-0.9,215.6,230.6,215.6,0.935,1,49.9,215.6
2022-02-20T08:33:00.000Z,-1.1,214.7,230.6,214.7,0.93,1,49.9,214.7
2022-02-20T08:34:00.000Z,0.9,249.5,235.2,249.4,1.08,1,49.9,249.4
2022-02-20T08:35:00.000Z,1.5,295.5,234.3,295.5,1.28,1,49.9,295.5
2022-02-20T08:36:00.000Z,1.6,329.7,236,329.6,1.414,1,49.9,329.6
2022-02-20T08:37:00.000Z,2.1,321.7,236.3,321.7,1.387,1,49.9,321.7
2022-02-20T08:38:00.000Z,0.3,296.6,235.4,296.6,1.278,1,50,296.6
2022-02-20T08:39:00.000Z,-1.2,260.7,235.3,260.7,1.129,1,50,260.7
2022-02-20T08:40:00.000Z,-0.5,238.3,235.6,238.3,1.032,1,50,238.3
2022-02-20T08:41:00.000Z,-1.1,214.3,235.2,214.3,0.911,1,49.9,214.3
2022-02-20T08:42:00.000Z,-2.3,186.7,235.2,186.7,0.793,1,50,186.7
2022-02-20T08:43:00.000Z,-1.4,158.9,234.7,158.9,0.682,1,49.9,158.9
2022-02-20T08:44:00.000Z,-2,152.3,235.1,152.3,0.647,1,49.9,152.3
2022-02-20T08:45:00.000Z,-2.5,160.8,235.4,160.8,0.683,1,49.9,160.8
2022-02-20T08:46:00.000Z,-1.4,183,236.7,183,0.773,1,49.9,183
2022-02-20T08:47:00.000Z,-2.1,220.6,237.2,220.6,0.935,1,49.9,220.6
2022-02-20T08:48:00.000Z,-1.2,264.8,237.1,264.7,1.138,1,49.9,264.7
2022-02-20T08:49:00.000Z,0.9,287.2,232.5,287.2,1.264,1,50,287.2
2022-02-20T08:50:00.000Z,0.5,319.3,230.9,319.3,1.399,1,49.9,319.3
2022-02-20T08:51:00.000Z,0.6,372,231.1,371.9,1.623,1,49.9,371.9
2022-02-20T08:52:00.000Z,2.3,384.5,231.6,384.4,1.674,1,49.9,384.4
2022-02-20T08:53:00.000Z,-0.5,376.1,232.2,376.1,1.633,1,49.9,376.1
2022-02-20T08:54:00.000Z,0.5,328,232.4,328,1.427,1,49.9,328
2022-02-20T08:55:00.000Z,-0.5,280.7,232.2,280.7,1.238,1,50,280.7
2022-02-20T08:56:00.000Z,0,278.6,231.4,278.6,1.223,1,50,278.6
2022-02-20T08:57:00.000Z,-1.4,258.2,231.4,258.2,1.136,1,49.9,258.2
2022-02-20T08:58:00.000Z,-0.8,212.3,231.2,212.3,0.921,1,49.9,212.3
2022-02-20T08:59:00.000Z,-2.8,185.7,231.5,185.7,0.801,1,49.9,185.7
2022-02-20T09:00:00.000Z,-2,178.2,231.2,178.2,0.77,1,49.9,178.2
2022-02-20T09:01:00.000Z,-2.6,166.7,231,166.6,0.721,1,50,166.6
2022-02-20T09:02:00.000Z,-2.2,147.1,231,147.1,0.636,1,50,147.1
2022-02-20T09:03:00.000Z,-2.7,149,232.9,149,0.64,1,50,149
2022-02-20T09:04:00.000Z,-2.4,144.2,233.4,144.2,0.617,1,50,144.2
2022-02-20T09:05:00.000Z,-2.2,141.5,233.3,141.5,0.606,1,49.9,141.5
2022-02-20T09:06:00.000Z,-2.5,149.3,232.9,149.3,0.641,1,49.9,149.3
2022-02-20T09:07:00.000Z,-2.4,163.9,232.2,163.9,0.705,1,49.9,163.9
2022-02-20T09:08:00.000Z,-1.9,178.9,231.3,178.9,0.781,1,49.9,178.9
2022-02-20T09:09:00.000Z,-2.3,185,231.7,185,0.798,1,49.9,185
2022-02-20T09:10:00.000Z,-1.7,192.5,231.5,192.5,0.831,1,49.9,192.5
2022-02-20T09:11:00.000Z,-1.5,205.7,230.8,205.7,0.891,1,49.9,205.7
2022-02-20T09:12:00.000Z,-1.6,236.5,231.1,236.5,1.037,1,49.9,236.5
2022-02-20T09:13:00.000Z,0.1,298.6,231.6,298.6,1.306,1,49.9,298.6
2022-02-20T09:14:00.000Z,-0.5,330.9,231.7,330.9,1.453,1,49.8,330.9
2022-02-20T09:15:00.000Z,-0.6,315.1,231.1,315.1,1.379,1,49.8,315.1
2022-02-20T09:16:00.000Z,-1.6,336.8,231.6,336.8,1.469,1,49.9,336.8
2022-02-20T09:17:00.000Z,1.4,413.6,231.3,413.5,1.8,1,50,413.5
2022-02-20T09:18:00.000Z,3.3,474.7,230,474.7,2.074,1,50,474.7
2022-02-20T09:19:00.000Z,2.5,520.5,230.5,520.4,2.268,1,50,520.4
2022-02-20T09:20:00.000Z,2.2,552.7,232.4,552.6,2.393,1,50,552.6
2022-02-20T09:21:00.000Z,3.9,558.8,233.1,558.8,2.408,1,50,558.8
2022-02-20T09:22:00.000Z,3.4,540.3,232.6,540.3,2.333,1,50,540.3
2022-02-20T09:23:00.000Z,4.2,493,230.3,493,2.152,1,49.9,493
2022-02-20T09:24:00.000Z,0.9,434.8,230.2,434.8,1.902,1,49.9,434.8
2022-02-20T09:25:00.000Z,2.7,418.3,230.5,418.2,1.828,1,49.9,418.2
2022-02-20T09:26:00.000Z,-0.3,412.6,231.7,412.6,1.801,1,49.9,412.6
2022-02-20T09:27:00.000Z,2.3,459.3,231.4,459.3,1.997,1,49.9,459.3
2022-02-20T09:28:00.000Z,0.6,360.3,234.3,360.3,1.556,1,49.9,360.3
2022-02-20T09:29:00.000Z,-1.3,230.4,234.7,230.4,0.992,1,49.9,230.4
2022-02-20T09:30:00.000Z,-1.6,200.1,234.5,200.1,0.853,1,50,200.1
2022-02-20T09:31:00.000Z,-1,204.8,234.1,204.8,0.874,1,50,204.8
2022-02-20T09:32:00.000Z,-1.4,222.5,233.9,222.5,0.961,1,50,222.5
2022-02-20T09:33:00.000Z,-0.1,296.5,233.8,296.5,1.288,1,50,296.5
2022-02-20T09:34:00.000Z,1.4,371.9,232,371.9,1.618,1,50,371.9
2022-02-20T09:35:00.000Z,1.8,369.1,232,369,1.606,1,49.9,369
2022-02-20T09:36:00.000Z,1.8,318.5,231.7,318.5,1.392,1,49.9,318.5
2022-02-20T09:37:00.000Z,-1.4,229.5,231.6,229.5,1.002,1,49.9,229.5
2022-02-20T09:38:00.000Z,-1.5,193.2,232.3,193.2,0.831,1,50,193.2
2022-02-20T09:39:00.000Z,-1.2,241.4,234.3,241.4,1.049,1,50,241.4
2022-02-20T09:40:00.000Z,-0.4,282.4,233.2,282.4,1.23,1,50,282.4
2022-02-20T09:41:00.000Z,-0.4,254.9,235,254.9,1.108,1,49.9,254.9
2022-02-20T09:42:00.000Z,-0.1,249.9,235,249.9,1.087,1,49.9,249.9
2022-02-20T09:43:00.000Z,-1,269.3,235,269.3,1.167,1,49.9,269.3
2022-02-20T09:44:00.000Z,-0.1,261.7,234.3,261.7,1.139,1,50,261.7
2022-02-20T09:45:00.000Z,0.4,295,231.6,295,1.302,1,49.9,295
2022-02-20T09:46:00.000Z,-0.4,274.7,232.1,274.7,1.203,1,49.9,274.7
2022-02-20T09:47:00.000Z,0,267,232.4,267,1.17,1,49.9,267
2022-02-20T09:48:00.000Z,-1.3,255.3,231.9,255.3,1.122,1,50,255.3
2022-02-20T09:49:00.000Z,-0.4,265.7,233.6,265.7,1.158,1,50,265.7
2022-02-20T09:50:00.000Z,-2.3,173.8,232.8,173.8,0.746,1,50,173.8
2022-02-20T09:51:00.000Z,-2.2,101,229.1,101,0.441,1,50,101
2022-02-20T09:52:00.000Z,-2.8,84.1,230.1,84,0.365,0.999,49.9,84
2022-02-20T09:53:00.000Z,-3.5,63.3,229.9,63.3,0.275,0.999,50,63.3
2022-02-20T09:54:00.000Z,-3,59,225.6,58.9,0.261,0.999,50,58.9
2022-02-20T09:55:00.000Z,-3.4,59.5,224,59.4,0.265,0.999,49.9,59.4
2022-02-20T09:56:00.000Z,-3.4,60.8,222.1,60.7,0.273,0.999,49.9,60.7
2022-02-20T09:57:00.000Z,-3.2,68.2,225.4,68.1,0.302,0.999,49.9,68.1
2022-02-20T09:58:00.000Z,-2.7,66.7,228.2,66.6,0.292,0.999,49.9,66.6
2022-02-20T09:59:00.000Z,-2.1,66.7,228.3,66.6,0.291,0.999,49.9,66.6
2022-02-20T10:00:00.000Z,-2.5,66.8,227.7,66.7,0.293,0.999,49.9,66.7
2022-02-20T10:01:00.000Z,-3,73,227.2,72.9,0.321,0.999,49.8,72.9
2022-02-20T10:02:00.000Z,-2.4,87.7,227.5,87.6,0.385,0.999,49.9,87.6
2022-02-20T10:03:00.000Z,-2.8,117.6,227.2,117.6,0.517,1,49.9,117.6
2022-02-20T10:04:00.000Z,-1.8,171.2,228.4,171.2,0.749,1,50,171.2
2022-02-20T10:05:00.000Z,-0.3,271.4,228.2,271.4,1.205,1,50.1,271.4
2022-02-20T10:06:00.000Z,2,355.4,232.6,355.4,1.541,1,50,355.4
2022-02-20T10:07:00.000Z,2.6,404.1,233,404,1.746,0.999,50,404
2022-02-20T10:08:00.000Z,3,341.2,233.6,341.2,1.475,1,49.9,341.2
2022-02-20T10:09:00.000Z,0.5,314.4,233.7,314.4,1.363,1,49.9,314.4
2022-02-20T10:10:00.000Z,-0.7,254.2,230.8,254.2,1.129,1,50,254.2
2022-02-20T10:11:00.000Z,-0.2,204.8,231.2,204.8,0.885,1,50,204.8
2022-02-20T10:12:00.000Z,-1.2,183.1,230.9,183.1,0.792,1,49.9,183.1
2022-02-20T10:13:00.000Z,-2,169.9,232.7,169.9,0.73,1,50,169.9
2022-02-20T10:14:00.000Z,-2.3,155.8,233.6,155.8,0.666,1,50,155.8
2022-02-20T10:15:00.000Z,-1.5,174.9,230.3,174.9,0.76,1,50.1,174.9
2022-02-20T10:16:00.000Z,-0.2,239,229.3,239,1.062,1,49.9,239
2022-02-20T10:17:00.000Z,0,272.9,229.9,272.9,1.205,1,49.9,272.9
2022-02-20T10:18:00.000Z,-0.4,269.8,229.3,269.8,1.194,1,50,269.8
2022-02-20T10:19:00.000Z,0,285.8,229,285.8,1.265,1,50,285.8
2022-02-20T10:20:00.000Z,-0.1,315.2,228.5,315.2,1.394,1,49.9,315.2
2022-02-20T10:21:00.000Z,0.9,274.8,228.3,274.8,1.221,1,49.9,274.8
2022-02-20T10:22:00.000Z,-0.1,273.5,228.2,273.5,1.227,1,49.9,273.5
2022-02-20T10:23:00.000Z,-1.3,241.6,227.4,241.6,1.081,1,49.9,241.6
2022-02-20T10:24:00.000Z,0,231.7,228,231.7,1.036,1,50,231.7
2022-02-20T10:25:00.000Z,-1,241.3,226.4,241.3,1.084,1,49.9,241.3
2022-02-20T10:26:00.000Z,0.5,278.5,226,278.5,1.249,1,49.9,278.5
2022-02-20T10:27:00.000Z,-0.4,326.2,225.5,326.2,1.46,1,50,326.2
2022-02-20T10:28:00.000Z,1.1,320.7,226,320.7,1.441,1,50,320.7
2022-02-20T10:29:00.000Z,0.9,311.2,226,311.2,1.391,1,50,311.2
2022-02-20T10:30:00.000Z,2.3,364.2,226.2,364.2,1.622,1,50,364.2
2022-02-20T10:31:00.000Z,2.9,373,225,373,1.67,1,49.9,373
2022-02-20T10:32:00.000Z,0.5,333.6,223.8,333.6,1.504,1,49.9,333.6
2022-02-20T10:33:00.000Z,1.5,338.2,225.2,338.2,1.514,1,50,338.2
2022-02-20T10:34:00.000Z,0.9,363.6,226.5,363.5,1.626,1,49.9,363.5
2022-02-20T10:35:00.000Z,2.3,333.5,225.8,333.5,1.49,1,50,333.5
2022-02-20T10:36:00.000Z,0.8,367.9,226.2,367.9,1.639,1,50,367.9
2022-02-20T10:37:00.000Z,2.3,415,226.2,415,1.846,1,50,415
2022-02-20T10:38:00.000Z,3.3,383.7,226.3,383.6,1.707,1,50,383.6
2022-02-20T10:39:00.000Z,2,350.5,225.4,350.5,1.568,1,50,350.5
2022-02-20T10:40:00.000Z,0.6,331.3,226.2,331.3,1.483,1,50,331.3
2022-02-20T10:41:00.000Z,1.8,330.3,226.8,330.2,1.473,1,49.9,330.2
2022-02-20T10:42:00.000Z,1.4,289.8,225.9,289.8,1.3,1,49.8,289.8
2022-02-20T10:43:00.000Z,0.4,343.2,225.3,343.2,1.537,1,49.9,343.2
2022-02-20T10:44:00.000Z,2.9,444.4,225.6,444.4,1.981,1,49.9,444.4
2022-02-20T10:45:00.000Z,1.6,452.4,226,452.3,2.013,1,49.9,452.3
2022-02-20T10:46:00.000Z,4,478.6,227.2,478.6,2.117,1,49.9,478.6
2022-02-20T10:47:00.000Z,1,390.9,227.8,390.9,1.736,1,49.9,390.9
2022-02-20T10:48:00.000Z,2.5,355.1,228.1,355.1,1.57,1,49.9,355.1
2022-02-20T10:49:00.000Z,0.7,353.1,227.9,353,1.563,1,49.9,353
2022-02-20T10:50:00.000Z,1.5,392.8,227.7,392.8,1.738,1,49.9,392.8
2022-02-20T10:51:00.000Z,1.9,392.5,226.4,392.5,1.747,1,49.9,392.5
2022-02-20T10:52:00.000Z,0.6,389.5,226.3,389.5,1.734,1,49.9,389.5
2022-02-20T10:53:00.000Z,2.9,402.6,225.8,402.5,1.802,1,49.9,402.5
2022-02-20T10:54:00.000Z,1.8,370.5,225.8,370.4,1.654,1,50,370.4
2022-02-20T10:55:00.000Z,0.9,312.6,226.2,312.6,1.397,1,49.9,312.6
2022-02-20T10:56:00.000Z,1.5,341.2,229.7,341.1,1.5,1,50,341.1
2022-02-20T10:57:00.000Z,3.4,378.3,228.5,378.2,1.669,1,49.9,378.2
2022-02-20T10:58:00.000Z,0.7,429,229,429,1.885,1,50,429
2022-02-20T10:59:00.000Z,1.4,458.4,229.7,458.4,2.014,1,50.1,458.4
2022-02-20T11:00:00.000Z,3.1,389.7,231.3,389.7,1.698,1,50.1,389.7
2022-02-20T11:01:00.000Z,4.1,379.7,231.7,379.7,1.651,1,50,379.7
2022-02-20T11:02:00.000Z,2.9,437.4,231.2,437.3,1.904,1,49.9,437.3
2022-02-20T11:03:00.000Z,5,477.7,231,477.6,2.079,1,49.9,477.6
2022-02-20T11:04:00.000Z,5.4,584,231.5,583.9,2.531,0.999,49.9,583.9
2022-02-20T11:05:00.000Z,6.8,695.9,231.3,695.8,3.019,1,49.9,695.8
2022-02-20T11:06:00.000Z,7.2,792.5,231.5,792.3,3.429,0.999,49.9,792.3
2022-02-20T11:07:00.000Z,4.7,590.6,231.1,590.5,2.563,1,49.9,590.5
2022-02-20T11:08:00.000Z,4.9,581.8,230.3,581.7,2.535,1,49.9,581.7
2022-02-20T11:09:00.000Z,3,617.4,229.6,617.3,2.696,1,50,617.3
2022-02-20T11:10:00.000Z,7,595,229.8,594.9,2.596,0.999,50,594.9
2022-02-20T11:11:00.000Z,3.8,545.4,230.1,545.4,2.382,1,50,545.4
2022-02-20T11:12:00.000Z,4.1,560.8,230.1,560.7,2.447,1,50,560.7
2022-02-20T11:13:00.000Z,7.1,770.1,230.9,770,3.341,1,50,770
2022-02-20T11:14:00.000Z,11.1,784.1,230.9,783.9,3.402,0.999,50,783.9
2022-02-20T11:15:00.000Z,3.9,600.8,230.6,600.7,2.613,1,50,600.7
2022-02-20T11:16:00.000Z,9.4,652.3,230.7,652.2,2.835,0.999,49.9,652.2
2022-02-20T11:17:00.000Z,4.8,642.8,230.5,642.7,2.796,1,49.9,642.7
2022-02-20T11:18:00.000Z,5.3,540.2,230.7,540.1,2.355,0.999,49.9,540.1
2022-02-20T11:19:00.000Z,1.4,491.3,231.2,491.3,2.135,1,50,491.3
2022-02-20T11:20:00.000Z,8.4,610.6,231.3,610.5,2.649,0.999,49.9,610.5
2022-02-20T11:21:00.000Z,10.5,696.5,230.1,696.3,3.033,0.999,49.9,696.3
2022-02-20T11:22:00.000Z,1.7,543.9,229.6,543.8,2.378,1,49.9,543.8
2022-02-20T11:23:00.000Z,4.2,495.5,229.3,495.4,2.171,1,49.9,495.4
2022-02-20T11:24:00.000Z,3.9,577.8,230.1,577.8,2.524,1,50,577.8
2022-02-20T11:25:00.000Z,4.6,549.9,230.2,549.9,2.398,1,50,549.9
2022-02-20T11:26:00.000Z,6.3,490.3,230.4,490.3,2.139,1,49.9,490.3
2022-02-20T11:27:00.000Z,3.7,483.5,230.1,483.5,2.112,1,49.9,483.5
2022-02-20T11:28:00.000Z,1.7,431.7,229.8,431.6,1.891,1,49.9,431.6
2022-02-20T11:29:00.000Z,2,413.4,230,413.4,1.81,1,49.9,413.4
2022-02-20T11:30:00.000Z,2.8,396.1,230.5,396.1,1.739,1,49.9,396.1
2022-02-20T11:31:00.000Z,1.9,377.7,230.5,377.7,1.652,1,49.9,377.7
2022-02-20T11:32:00.000Z,1.6,492.7,231.2,492.6,2.142,1,50,492.6
2022-02-20T11:33:00.000Z,6.5,569.5,230.7,569.4,2.478,0.999,50,569.4
2022-02-20T11:34:00.000Z,3.5,543,228.3,542.9,2.387,0.999,50.1,542.9
2022-02-20T11:35:00.000Z,3.9,571.4,228.4,571.3,2.51,1,50,571.3
2022-02-20T11:36:00.000Z,9.2,695.2,228.4,695,3.053,0.999,49.9,695
2022-02-20T11:37:00.000Z,3.9,683.9,228,683.8,3.006,1,49.9,683.8
2022-02-20T11:38:00.000Z,5.4,684.2,227.7,684.1,3.011,1,49.9,684.1
2022-02-20T11:39:00.000Z,8.6,563.7,227.1,563.6,2.49,0.999,50,563.6
2022-02-20T11:40:00.000Z,3.7,589.5,227.1,589.4,2.604,1,49.9,589.4
2022-02-20T11:41:00.000Z,8.6,657.1,230.3,656.9,2.861,0.999,50,656.9
2022-02-20T11:42:00.000Z,2.6,606.8,230.9,606.7,2.64,0.999,50,606.7
2022-02-20T11:43:00.000Z,5.5,549,231,548.9,2.387,1,50,548.9
2022-02-20T11:44:00.000Z,4.8,539,232,538.8,2.333,1,49.9,538.8
2022-02-20T11:45:00.000Z,4.7,563.3,231.5,563.3,2.442,1,49.9,563.3
2022-02-20T11:46:00.000Z,6.7,609.5,230.9,609.4,2.647,1,49.9,609.4
2022-02-20T11:47:00.000Z,7.6,821.3,231.5,821.2,3.553,1,49.9,821.2
2022-02-20T11:48:00.000Z,3.7,767.4,230.7,767.3,3.332,1,50,767.3
2022-02-20T11:49:00.000Z,5.9,569.8,229.3,569.7,2.497,1,50,569.7
2022-02-20T11:50:00.000Z,6,603.1,229.7,603,2.633,0.999,50,603
2022-02-20T11:51:00.000Z,7,588.4,229.5,588.3,2.571,1,50,588.3
2022-02-20T11:52:00.000Z,5.1,594.3,228.9,594.2,2.604,0.999,49.9,594.2
2022-02-20T11:53:00.000Z,4.4,572.6,229.1,572.5,2.508,1,50,572.5
2022-02-20T11:54:00.000Z,6.2,616.1,229.6,616,2.691,1,50,616
2022-02-20T11:55:00.000Z,5.8,675.2,230,675.1,2.948,1,49.9,675.1
2022-02-20T11:56:00.000Z,9.6,888.4,230.6,888.2,3.857,0.999,49.9,888.2
2022-02-20T11:57:00.000Z,8.8,973.8,230.2,973.6,4.233,1,50,973.6
2022-02-20T11:58:00.000Z,10.1,812,228,811.8,3.566,0.999,49.9,811.8
2022-02-20T11:59:00.000Z,10.6,748.2,226.8,747.9,3.305,0.999,49.9,747.9
2022-02-20T12:00:00.000Z,4,787.3,228.2,787.2,3.455,1,49.9,787.2
2022-02-20T12:01:00.000Z,7.3,857.7,228.7,857.6,3.758,0.999,50.1,857.6
2022-02-20T12:02:00.000Z,6,820.2,228.5,820,3.594,1,50.3,820
2022-02-20T12:03:00.000Z,12.1,763.6,228.8,763.2,3.344,0.999,50,763.2
2022-02-20T12:04:00.000Z,9.7,753.6,228.1,753.3,3.309,0.999,50,753.3
2022-02-20T12:05:00.000Z,6.9,678.6,226,678.5,3.009,0.999,50,678.5
2022-02-20T12:06:00.000Z,4.4,531,225.2,530.9,2.367,0.999,50.1,530.9
2022-02-20T12:07:00.000Z,6.8,548.8,225,548.7,2.454,0.999,50,548.7
2022-02-20T12:08:00.000Z,3.2,518.4,225.7,518.2,2.306,0.999,49.9,518.2
2022-02-20T12:09:00.000Z,4.6,443.5,228.3,443.4,1.954,0.999,49.9,443.4
2022-02-20T12:10:00.000Z,0.8,448,228.1,447.9,1.975,0.999,49.8,447.9
2022-02-20T12:11:00.000Z,5,460.5,227.8,460.3,2.032,0.999,49.9,460.3
2022-02-20T12:12:00.000Z,3.1,506.2,228,506.1,2.23,0.999,49.9,506.1
2022-02-20T12:13:00.000Z,2.9,505.5,227.8,505.4,2.234,0.999,49.9,505.4
2022-02-20T12:14:00.000Z,1.9,527.4,227.3,527.3,2.329,1,50,527.3
2022-02-20T12:15:00.000Z,5.9,669.7,229.6,669.6,2.923,1,50,669.6
2022-02-20T12:16:00.000Z,2.4,562.7,229.4,562.6,2.462,1,50.1,562.6
2022-02-20T12:17:00.000Z,6.9,498.5,228.5,498.4,2.192,0.999,50.1,498.4
2022-02-20T12:18:00.000Z,10.9,738.5,231.5,738.3,3.195,0.999,49.9,738.3
2022-02-20T12:19:00.000Z,7.2,788.5,233.5,788.3,3.383,0.999,49.9,788.3
2022-02-20T12:20:00.000Z,4.4,673.2,233.9,673.1,2.89,1,49.9,673.1
2022-02-20T12:21:00.000Z,2.4,561.9,234,561.9,2.411,1,50,561.9
2022-02-20T12:22:00.000Z,1,426.9,233.1,426.9,1.844,1,50,426.9
2022-02-20T12:23:00.000Z,1.6,435,233.4,434.9,1.875,1,50,434.9
2022-02-20T12:24:00.000Z,4.7,501.6,233.9,501.5,2.156,1,50,501.5
2022-02-20T12:25:00.000Z,2.7,511.4,233,511.3,2.206,1,49.9,511.3
2022-02-20T12:26:00.000Z,3.4,443.8,233.9,443.7,1.917,1,49.9,443.7
2022-02-20T12:27:00.000Z,-0.5,413.8,233.8,413.8,1.784,1,50.1,413.8
2022-02-20T12:28:00.000Z,2.5,446.4,233,446.4,1.928,1,50.2,446.4
2022-02-20T12:29:00.000Z,5.3,422.7,233.1,422.5,1.827,0.999,50,422.5
2022-02-20T12:30:00.000Z,0.3,347.4,233,347.3,1.506,1,50.1,347.3
2022-02-20T12:31:00.000Z,5.2,472.7,233.2,472.6,2.039,1,49.9,472.6
2022-02-20T12:32:00.000Z,4.9,602.7,233.4,602.5,2.597,0.999,49.8,602.5
2022-02-20T12:33:00.000Z,3.5,531.4,233.2,531.4,2.29,1,49.9,531.4
2022-02-20T12:34:00.000Z,1,549.3,233.7,549.3,2.361,1,50,549.3
2022-02-20T12:35:00.000Z,3.5,574.4,234.5,574.4,2.46,1,50.1,574.4
2022-02-20T12:36:00.000Z,9.1,780.3,234.3,780.1,3.337,0.999,49.9,780.1
2022-02-20T12:37:00.000Z,7.1,817.1,233.7,816.9,3.502,0.999,50,816.9
2022-02-20T12:38:00.000Z,6.1,686.2,230.8,686.1,2.985,1,49.9,686.1
2022-02-20T12:39:00.000Z,6.1,646.6,230.7,646.5,2.81,1,49.9,646.5
2022-02-20T12:40:00.000Z,4.2,622.5,229.6,622.4,2.719,1,49.9,622.4
2022-02-20T12:41:00.000Z,4.9,625,232,624.9,2.701,0.999,49.9,624.9
2022-02-20T12:42:00.000Z,3.8,598.9,233.8,598.8,2.57,1,50,598.8
2022-02-20T12:43:00.000Z,4,522.5,233.6,522.4,2.246,0.999,50,522.4
2022-02-20T12:44:00.000Z,4.4,498.4,234.1,498.3,2.145,1,49.9,498.3
2022-02-20T12:45:00.000Z,1.2,417.5,233.6,417.4,1.8,1,49.9,417.4
2022-02-20T12:46:00.000Z,0,354.6,233.6,354.6,1.532,1,50,354.6
2022-02-20T12:47:00.000Z,2.6,333.3,232.2,333.3,1.451,1,50,333.3
2022-02-20T12:48:00.000Z,0,314.5,232.8,314.5,1.368,1,49.9,314.5
2022-02-20T12:49:00.000Z,1.3,315.9,232.5,315.8,1.375,1,49.9,315.8
2022-02-20T12:50:00.000Z,0.5,331.3,231.5,331.3,1.447,1,49.9,331.3
2022-02-20T12:51:00.000Z,1.6,373.4,232.1,373.3,1.63,1,49.9,373.3
2022-02-20T12:52:00.000Z,1.3,448.8,232.4,448.7,1.942,1,50.2,448.7
2022-02-20T12:53:00.000Z,3.1,438.1,232.5,438,1.896,1,50.2,438
2022-02-20T12:54:00.000Z,5,377.3,232.6,377.1,1.636,0.999,50,377.1
2022-02-20T12:55:00.000Z,0.7,331.7,231.9,331.6,1.446,1,49.9,331.6
2022-02-20T12:56:00.000Z,4.1,319.4,231.7,319.4,1.395,1,49.9,319.4
2022-02-20T12:57:00.000Z,-0.9,357.7,231.8,357.6,1.568,1,49.9,357.6
2022-02-20T12:58:00.000Z,4.9,461.6,231.4,461.5,2.006,0.999,49.9,461.5
2022-02-20T12:59:00.000Z,6.7,648,231.7,647.8,2.805,0.999,50,647.8
2022-02-20T13:00:00.000Z,6.2,778.2,232.7,778,3.351,1,49.9,778
2022-02-20T13:01:00.000Z,10.6,867.3,234.5,867.1,3.705,0.999,49.9,867.1
2022-02-20T13:02:00.000Z,7,934.9,234.6,934.7,3.99,1,49.9,934.7
2022-02-20T13:03:00.000Z,11,1032.5,234.8,1032.3,4.404,1,50,1032.3
2022-02-20T13:04:00.000Z,7.7,1088.3,234.8,1088.1,4.639,1,50,1088.1
2022-02-20T13:05:00.000Z,14.1,905.1,233.4,904.8,3.883,0.999,49.9,904.8
2022-02-20T13:06:00.000Z,6.7,840.5,232.7,840.4,3.617,0.999,50,840.4
2022-02-20T13:07:00.000Z,16.4,1017.1,233.9,1016.8,4.351,0.999,50,1016.8
2022-02-20T13:08:00.000Z,34.1,3338.8,238.2,3337.7,13.999,0.999,49.9,3337.7
2022-02-20T13:09:00.000Z,32.6,2030.5,236.3,2029.9,8.582,0.999,49.9,2029.9
2022-02-20T13:10:00.000Z,15.1,1657,235.4,1656.6,7.034,0.999,49.8,1656.6
2022-02-20T13:11:00.000Z,10.5,1124.1,232.6,1123.9,4.835,1,49.9,1123.9
2022-02-20T13:12:00.000Z,11.8,889.8,228.9,889.5,3.891,0.999,49.9,889.5
2022-02-20T13:13:00.000Z,0.5,805.2,228.3,805.1,3.532,1,50,805.1
2022-02-20T13:14:00.000Z,17.2,893.3,228,893,3.921,0.999,50,893
2022-02-20T13:15:00.000Z,8.6,956.6,229.1,956.4,4.183,1,50,956.4
2022-02-20T13:16:00.000Z,12.9,815.4,228.5,815.2,3.576,0.999,49.8,815.2
2022-02-20T13:17:00.000Z,3.1,657.8,230.3,657.7,2.864,1,49.9,657.7
2022-02-20T13:18:00.000Z,5.2,616.3,230.1,616.2,2.686,1,49.9,616.2
2022-02-20T13:19:00.000Z,2.7,664.5,231.1,664.3,2.882,0.999,50,664.3
2022-02-20T13:20:00.000Z,8.5,903.1,231.6,903,3.902,1,50.1,903
2022-02-20T13:21:00.000Z,9.5,1028.2,232.7,1028,4.423,0.999,50.1,1028
2022-02-20T13:22:00.000Z,17,1052.8,232.7,1052.5,4.529,0.999,50,1052.5
2022-02-20T13:23:00.000Z,14.6,935.2,232.6,934.9,4.026,0.999,49.8,934.9
2022-02-20T13:24:00.000Z,9.1,905.9,233,905.7,3.894,1,49.8,905.7
2022-02-20T13:25:00.000Z,5.6,867.6,232.7,867.4,3.734,1,49.9,867.4
2022-02-20T13:26:00.000Z,1.3,772.2,233.3,772.1,3.315,1,50.2,772.1
2022-02-20T13:27:00.000Z,11.6,744.8,233.2,744.7,3.2,0.999,50.1,744.7
2022-02-20T13:28:00.000Z,4.5,800.4,233.8,800.2,3.434,0.999,50.1,800.2
2022-02-20T13:29:00.000Z,16.3,829.7,233.9,829.4,3.553,0.999,50,829.4
2022-02-20T13:30:00.000Z,8.6,889.7,234.4,889.5,3.8,0.999,49.9,889.5
2022-02-20T13:31:00.000Z,10.3,965.8,235,965.6,4.114,0.999,50,965.6
2022-02-20T13:32:00.000Z,10,1069.6,234.6,1069.4,4.562,0.999,50,1069.4
2022-02-20T13:33:00.000Z,11.7,870.4,233.2,870.2,3.737,0.999,50,870.2
2022-02-20T13:34:00.000Z,4.5,641.8,232.4,641.7,2.773,1,49.9,641.7
2022-02-20T13:35:00.000Z,5.4,535.5,232.6,535.4,2.311,0.999,50,535.4
2022-02-20T13:36:00.000Z,2.2,466.8,232.9,466.7,2.016,0.999,49.9,466.7
2022-02-20T13:37:00.000Z,-0.7,444.4,233.4,444.4,1.916,1,50.1,444.4
2022-02-20T13:38:00.000Z,2.1,463.4,233.2,463.3,1.998,1,50.3,463.3
2022-02-20T13:39:00.000Z,3,490.6,232.7,490.6,2.119,1,50.2,490.6
2022-02-20T13:40:00.000Z,8.2,494,231,493.9,2.154,0.999,50.1,493.9
2022-02-20T13:41:00.000Z,5.6,508,232.1,508,2.199,1,49.9,508
2022-02-20T13:42:00.000Z,4.4,531.3,231.9,531.2,2.302,1,49.9,531.2
2022-02-20T13:43:00.000Z,6.2,595.8,232.8,595.7,2.568,0.999,49.9,595.7
2022-02-20T13:44:00.000Z,4,648.8,232.5,648.6,2.8,0.999,49.9,648.6
2022-02-20T13:45:00.000Z,7.9,688.9,229.9,688.8,3.005,1,49.9,688.8
2022-02-20T13:46:00.000Z,1.4,736.8,229.8,736.7,3.216,1,50.1,736.7
2022-02-20T13:47:00.000Z,9.3,929.5,231,929.3,4.029,0.999,50.1,929.3
2022-02-20T13:48:00.000Z,24.2,1204.6,231.3,1204,5.211,0.999,50,1204
2022-02-20T13:49:00.000Z,30.2,1519.2,231.9,1518.5,6.552,0.999,50,1518.5
2022-02-20T13:50:00.000Z,11.5,1717.2,232.5,1716.8,7.386,0.999,49.9,1716.8
2022-02-20T13:51:00.000Z,29.4,1689.6,231.8,1689,7.289,0.999,49.9,1689
2022-02-20T13:52:00.000Z,17.6,1549.5,235.6,1548.8,6.582,0.999,49.9,1548.8
2022-02-20T13:53:00.000Z,12,1181.4,234.7,1181.2,5.037,1,50,1181.2
2022-02-20T13:54:00.000Z,7.3,770.6,235.6,770.4,3.279,1,49.9,770.4
2022-02-20T13:55:00.000Z,5.5,654,236.2,653.8,2.778,0.999,50,653.8
2022-02-20T13:56:00.000Z,9.2,697.9,235.1,697.7,2.977,0.999,50.1,697.7
2022-02-20T13:57:00.000Z,4.3,751.4,233.2,751.3,3.23,0.999,50.1,751.3
2022-02-20T13:58:00.000Z,9.5,690.6,233,690.4,2.972,0.999,49.9,690.4
2022-02-20T13:59:00.000Z,6.4,590.7,233.5,590.5,2.544,0.999,49.9,590.5
2022-02-20T14:00:00.000Z,4.9,604.2,233.4,604.1,2.599,0.999,49.9,604.1
2022-02-20T14:01:00.000Z,7.5,718.1,234.2,717.9,3.074,0.999,50,717.9
2022-02-20T14:02:00.000Z,6.4,825.3,235.7,825.1,3.508,0.999,49.9,825.1
2022-02-20T14:03:00.000Z,12.2,868,236.2,867.7,3.682,0.999,49.9,867.7
2022-02-20T14:04:00.000Z,8.5,881.6,235.9,881.4,3.744,0.999,50,881.4
2022-02-20T14:05:00.000Z,11.1,876.9,236.8,876.7,3.712,0.999,49.9,876.7
2022-02-20T14:06:00.000Z,10.3,954.4,236.8,954.1,4.036,0.999,50,954.1
2022-02-20T14:07:00.000Z,13.4,934.8,236,934.4,3.967,0.999,50.1,934.4
2022-02-20T14:08:00.000Z,10.4,842.8,234.9,842.4,3.595,0.999,49.9,842.4
2022-02-20T14:09:00.000Z,9.7,858.4,230.6,858,3.729,0.999,49.9,858
2022-02-20T14:10:00.000Z,11.9,944.8,229.6,944.5,4.121,0.999,49.9,944.5
2022-02-20T14:11:00.000Z,2.8,888.7,229.3,888.5,3.886,1,50.1,888.5
2022-02-20T14:12:00.000Z,9.7,790.2,228.3,790,3.467,0.999,50,790
2022-02-20T14:13:00.000Z,2.8,777.9,226.9,777.7,3.435,0.999,50,777.7
2022-02-20T14:14:00.000Z,9,784.7,227.2,784.6,3.46,1,50,784.6
2022-02-20T14:15:00.000Z,6.5,876.3,226.1,876.1,3.88,0.999,50.1,876.1
2022-02-20T14:16:00.000Z,6.6,862.3,224.8,862.1,3.841,0.999,50.1,862.1
2022-02-20T14:17:00.000Z,14,665.6,227.8,665.4,2.936,0.999,49.9,665.4
2022-02-20T14:18:00.000Z,5.8,548.6,226.8,548.4,2.43,0.999,49.8,548.4
2022-02-20T14:19:00.000Z,1.7,588.8,225.2,588.6,2.626,0.999,49.9,588.6
2022-02-20T14:20:00.000Z,6.8,628.7,224.5,628.5,2.81,0.999,49.8,628.5
2022-02-20T14:21:00.000Z,6.5,630.4,225.1,630.3,2.81,0.999,49.7,630.3
2022-02-20T14:22:00.000Z,-5,705,226.7,704.9,3.119,0.999,49.9,704.9
2022-02-20T14:23:00.000Z,10.8,779,226.3,778.8,3.453,0.999,50,778.8
2022-02-20T14:24:00.000Z,13.5,906.8,226.7,906.4,4.005,0.999,49.9,906.4
2022-02-20T14:25:00.000Z,17.2,915.6,228.5,915,4.013,0.999,49.8,915
2022-02-20T14:26:00.000Z,7.6,879.8,230.1,879.5,3.829,0.999,49.9,879.5
2022-02-20T14:27:00.000Z,7.8,1122.8,233.9,1122.6,4.808,1,49.9,1122.6
2022-02-20T14:28:00.000Z,13.1,1059.1,234.2,1058.6,4.526,0.999,50,1058.6
2022-02-20T14:29:00.000Z,8.5,879.1,233.3,878.7,3.774,0.999,50.1,878.7
2022-02-20T14:30:00.000Z,7.2,745.6,233.2,745.3,3.21,0.999,50,745.3
2022-02-20T14:31:00.000Z,10.2,780.8,230.6,780.6,3.392,0.999,50,780.6
2022-02-20T14:32:00.000Z,13.9,1020.6,231.7,1020.3,4.411,0.999,49.8,1020.3
2022-02-20T14:33:00.000Z,12.8,1140.5,232.8,1140.2,4.902,0.999,49.9,1140.2
2022-02-20T14:34:00.000Z,10.8,944.9,234.8,944.5,4.028,0.999,49.9,944.5
2022-02-20T14:35:00.000Z,7.9,735.7,236.3,735.6,3.123,0.999,49.8,735.6
2022-02-20T14:36:00.000Z,8,813.1,237.1,813,3.44,1,49.9,813
2022-02-20T14:37:00.000Z,9.2,1007.5,237.5,1007.3,4.248,0.999,50,1007.3
2022-02-20T14:38:00.000Z,10,919.6,237,919.4,3.886,0.999,50.1,919.4
2022-02-20T14:39:00.000Z,9.3,844.8,235.8,844.5,3.59,0.999,50.1,844.5
2022-02-20T14:40:00.000Z,15.9,994.4,236.1,993.9,4.218,0.999,49.8,993.9
2022-02-20T14:41:00.000Z,10.2,1067.8,236.7,1067.4,4.517,0.999,49.9,1067.4
2022-02-20T14:42:00.000Z,4.8,1139.1,234.5,1138.9,4.866,1,50,1138.9
2022-02-20T14:43:00.000Z,17.9,1338.1,234,1337.7,5.72,0.999,50.1,1337.7
2022-02-20T14:44:00.000Z,13.4,2112.7,235,2112.2,8.986,0.999,50.3,2112.2
2022-02-20T14:45:00.000Z,40.6,1784,235.2,1782.7,7.582,0.999,50.1,1782.7
2022-02-20T14:46:00.000Z,11.2,1303.5,234,1303.1,5.572,0.999,50.1,1303.1
2022-02-20T14:47:00.000Z,28.3,1219.8,233,1218.8,5.237,0.999,50,1218.8
2022-02-20T14:48:00.000Z,22.6,1694.2,233.6,1693.2,7.249,0.999,49.9,1693.2
2022-02-20T14:49:00.000Z,19.3,2160.3,234.5,2159.5,9.207,0.999,49.8,2159.5
2022-02-20T14:50:00.000Z,15.3,1472.8,231.9,1472.4,6.354,0.999,49.9,1472.4
2022-02-20T14:51:00.000Z,14.2,1390.8,231.8,1390.4,6.001,0.999,49.8,1390.4
2022-02-20T14:52:00.000Z,13.9,1413.9,232.5,1413.2,6.083,0.999,49.9,1413.2
2022-02-20T14:53:00.000Z,12.6,1199.3,232.3,1198.9,5.165,0.999,49.9,1198.9
2022-02-20T14:54:00.000Z,9.5,999,232.3,998.7,4.309,0.999,50,998.7
2022-02-20T14:55:00.000Z,12.6,929.7,231.9,929.3,4.015,0.999,49.9,929.3
2022-02-20T14:56:00.000Z,8.4,834.3,232.3,834,3.597,0.999,50,834
2022-02-20T14:57:00.000Z,9.1,946.9,230.9,946.6,4.109,0.999,49.9,946.6
2022-02-20T14:58:00.000Z,13.2,1083.9,228.6,1083.5,4.746,0.999,50,1083.5
2022-02-20T14:59:00.000Z,8.3,994.4,229.6,994.3,4.336,1,49.9,994.3
2022-02-20T15:00:00.000Z,6.1,846.4,229.9,846.1,3.688,0.999,50,846.1
2022-02-20T15:01:00.000Z,9.2,823.2,230.8,822.9,3.577,0.999,49.9,822.9
2022-02-20T15:02:00.000Z,10.1,991.3,231.6,991,4.284,0.999,50,991
2022-02-20T15:03:00.000Z,12.7,1055.6,232.2,1055.2,4.551,0.999,50,1055.2
2022-02-20T15:04:00.000Z,4.3,814.9,232.6,814.7,3.51,0.999,50.1,814.7
2022-02-20T15:05:00.000Z,8.1,609.6,231.1,609.5,2.647,1,50,609.5
2022-02-20T15:06:00.000Z,9.5,587.8,231.7,587.7,2.547,0.999,49.9,587.7
2022-02-20T15:07:00.000Z,6.5,654.6,232.3,654.4,2.831,1,49.9,654.4
2022-02-20T15:08:00.000Z,11.7,753.7,233.2,753.5,3.241,0.999,50,753.5
2022-02-20T15:09:00.000Z,15.5,985.9,234.2,985.5,4.217,0.999,50.1,985.5
2022-02-20T15:10:00.000Z,33.4,1568.9,235.5,1568.3,6.663,0.999,49.9,1568.3
2022-02-20T15:11:00.000Z,35.3,1625.4,235.9,1624.7,6.895,0.999,50,1624.7
2022-02-20T15:12:00.000Z,32.2,1508.4,233,1507.8,6.479,0.999,49.9,1507.8
2022-02-20T15:13:00.000Z,16.9,1377.7,232.7,1377.3,5.928,0.999,49.9,1377.3
2022-02-20T15:14:00.000Z,16.6,1094.5,232,1093.9,4.723,0.999,50,1093.9
2022-02-20T15:15:00.000Z,7.9,814.9,232.1,814.7,3.519,0.999,50,814.7
2022-02-20T15:16:00.000Z,9.2,610.7,233.8,610.6,2.622,1,50,610.6
2022-02-20T15:17:00.000Z,6.8,471.4,233.8,471.3,2.03,0.999,49.8,471.3
2022-02-20T15:18:00.000Z,2.9,391.5,233.9,391.4,1.69,1,49.8,391.4
2022-02-20T15:19:00.000Z,2.9,342.9,233.8,342.8,1.493,1,49.9,342.8
2022-02-20T15:20:00.000Z,1.6,332,233.6,332,1.439,1,49.9,332
2022-02-20T15:21:00.000Z,1.4,349,233.9,349,1.51,1,50,349
2022-02-20T15:22:00.000Z,3.5,362.2,233.6,362.2,1.567,1,50,362.2
2022-02-20T15:23:00.000Z,1.9,339.4,233.8,339.4,1.469,1,50,339.4
2022-02-20T15:24:00.000Z,3.6,355.8,233.5,355.7,1.541,0.999,50,355.7
2022-02-20T15:25:00.000Z,4.7,403.2,233.6,403.1,1.749,0.999,49.9,403.1
2022-02-20T15:26:00.000Z,4,431,233.6,430.9,1.86,0.999,50,430.9
2022-02-20T15:27:00.000Z,5.3,516.6,236.1,516.5,2.2,0.999,49.9,516.5
2022-02-20T15:28:00.000Z,14.3,687.5,237.2,687.2,2.909,0.999,49.8,687.2
2022-02-20T15:29:00.000Z,10.9,738.4,237.6,738.2,3.118,1,49.8,738.2
2022-02-20T15:30:00.000Z,15.5,880.1,239,879.6,3.69,0.999,49.9,879.6
2022-02-20T15:31:00.000Z,13.3,1033.5,239.5,1033.1,4.324,0.999,49.9,1033.1
2022-02-20T15:32:00.000Z,15.2,1112.2,239,1111.9,4.662,0.999,50,1111.9
2022-02-20T15:33:00.000Z,8.8,1159.4,238.1,1159.3,4.876,1,50,1159.3
2022-02-20T15:34:00.000Z,12.9,1169.4,237.9,1169.1,4.921,0.999,50.1,1169.1
2022-02-20T15:35:00.000Z,15.7,1160.6,237.7,1160.3,4.887,0.999,50.2,1160.3
2022-02-20T15:36:00.000Z,17.7,1344.8,238.3,1344.1,5.646,0.999,50,1344.1
2022-02-20T15:37:00.000Z,26.4,1786.3,238.3,1785.7,7.498,0.999,50,1785.7
2022-02-20T15:38:00.000Z,28.3,2306.5,237.9,2305.1,9.697,0.999,49.9,2305.1
2022-02-20T15:39:00.000Z,22.8,2001,237,2000.3,8.444,0.999,49.9,2000.3
2022-02-20T15:40:00.000Z,26.6,1852.4,236.3,1851.9,7.839,0.999,49.9,1851.9
2022-02-20T15:41:00.000Z,15.7,1658.9,235.8,1658.4,7.034,0.999,49.8,1658.4
2022-02-20T15:42:00.000Z,13.6,994,233.9,993.7,4.255,0.999,49.9,993.7
2022-02-20T15:43:00.000Z,5.5,846.7,234,846.6,3.625,0.999,50,846.6
2022-02-20T15:44:00.000Z,7.2,767,232.7,766.8,3.307,0.999,50.1,766.8
2022-02-20T15:45:00.000Z,6.4,686.8,232.9,686.6,2.956,0.999,50.1,686.6
2022-02-20T15:46:00.000Z,5,570.6,232,570.4,2.469,0.999,50,570.4
2022-02-20T15:47:00.000Z,1.4,473.7,232.2,473.7,2.052,0.999,50,473.7
2022-02-20T15:48:00.000Z,1.4,404.6,232.5,404.6,1.754,0.999,50,404.6
2022-02-20T15:49:00.000Z,3.5,351.4,232.8,351.3,1.526,0.999,49.8,351.3
2022-02-20T15:50:00.000Z,0.5,306.2,232.5,306.2,1.345,1,49.7,306.2
2022-02-20T15:51:00.000Z,-0.4,297.8,232.7,297.8,1.3,1,49.8,297.8
2022-02-20T15:52:00.000Z,0.4,321.4,233,321.3,1.397,0.999,49.9,321.3
2022-02-20T15:53:00.000Z,0.5,349.1,233,349.1,1.515,1,49.9,349.1
2022-02-20T15:54:00.000Z,1.6,400.7,233.1,400.5,1.734,0.999,50,400.5
2022-02-20T15:55:00.000Z,2.9,467.7,233.5,467.3,2.016,0.999,49.9,467.3
2022-02-20T15:56:00.000Z,2.3,521.7,234,521.6,2.246,0.999,50,521.6
2022-02-20T15:57:00.000Z,5.8,501.8,234.4,501.7,2.153,0.999,49.9,501.7
2022-02-20T15:58:00.000Z,3.2,507.2,235.3,507.1,2.168,0.999,50,507.1
2022-02-20T15:59:00.000Z,4.6,553.5,235,553.4,2.367,0.999,49.8,553.4
2022-02-20T16:00:00.000Z,7.5,655.4,232.9,655.2,2.824,0.999,49.9,655.2
2022-02-20T16:01:00.000Z,8.8,872.9,232.4,872.6,3.762,0.999,49.9,872.6
2022-02-20T16:02:00.000Z,10,1027,233.1,1026.6,4.413,0.999,49.9,1026.6
2022-02-20T16:03:00.000Z,13.1,1248.6,234.6,1248,5.327,0.999,49.9,1248
2022-02-20T16:04:00.000Z,13.2,1425.9,232.8,1425.6,6.129,0.999,50,1425.6
2022-02-20T16:05:00.000Z,23,1447.3,232.3,1446.9,6.232,0.999,50,1446.9
2022-02-20T16:06:00.000Z,14.5,1521.5,232.1,1521.1,6.556,0.999,50,1521.1
2022-02-20T16:07:00.000Z,16.7,1409.1,233.9,1408.7,6.027,0.999,49.9,1408.7
2022-02-20T16:08:00.000Z,11.1,1145.2,233.9,1144.9,4.899,0.999,49.9,1144.9
2022-02-20T16:09:00.000Z,12.5,918.5,233.5,918.3,3.943,0.999,49.9,918.3
2022-02-20T16:10:00.000Z,5.2,688,233.1,687.7,2.96,0.999,49.9,687.7
2022-02-20T16:11:00.000Z,5.4,525.5,233,525.3,2.266,0.999,49.8,525.3
2022-02-20T16:12:00.000Z,-0.4,432.8,233,432.7,1.871,1,49.9,432.7
2022-02-20T16:13:00.000Z,1,373.6,233.3,373.6,1.617,0.999,50,373.6
2022-02-20T16:14:00.000Z,0.4,341.8,233.8,341.7,1.478,0.999,50.1,341.7
2022-02-20T16:15:00.000Z,1.6,327.8,235.6,327.7,1.417,1,50,327.7
2022-02-20T16:16:00.000Z,1.2,344.4,235.7,344.4,1.478,1,50,344.4
2022-02-20T16:17:00.000Z,-0.2,373.8,235.7,373.7,1.602,1,49.9,373.7
2022-02-20T16:18:00.000Z,2.1,372.5,236.1,372.4,1.594,1,49.9,372.4
2022-02-20T16:19:00.000Z,2.1,392.7,236.4,392.6,1.677,0.999,49.9,392.6
2022-02-20T16:20:00.000Z,0.5,428.2,237.1,428.1,1.821,1,49.9,428.1
2022-02-20T16:21:00.000Z,1.8,455.5,237.4,455.4,1.939,1,49.9,455.4
2022-02-20T16:22:00.000Z,5.7,577.7,237.5,577.6,2.445,0.999,49.8,577.6
2022-02-20T16:23:00.000Z,5.8,913.7,237.9,913.4,3.847,0.999,49.9,913.4
2022-02-20T16:24:00.000Z,10.6,1449.8,238.8,1449.7,6.075,1,49.9,1449.7
2022-02-20T16:25:00.000Z,19.9,2312.1,240.3,2311.6,9.614,0.999,50.1,2311.6
2022-02-20T16:26:00.000Z,35.8,1919.2,239.3,1918.2,8.002,0.999,49.9,1918.2
2022-02-20T16:27:00.000Z,15.9,1521,238.2,1520.6,6.371,0.999,49.9,1520.6
2022-02-20T16:28:00.000Z,27.1,2363.7,239.9,2363.2,9.853,0.999,49.8,2363.2
2022-02-20T16:29:00.000Z,23.7,2262.6,239,2261.7,9.462,0.999,49.9,2261.7
2022-02-20T16:30:00.000Z,30,2283.6,238.6,2282.7,9.569,0.999,49.8,2282.7
2022-02-20T16:31:00.000Z,15,1328.5,236.2,1328.1,5.628,0.999,49.9,1328.1
2022-02-20T16:32:00.000Z,11.9,1479.2,236.2,1479,6.257,0.999,49.8,1479
2022-02-20T16:33:00.000Z,14.8,1426.2,236.1,1425.8,6.04,0.999,50,1425.8
2022-02-20T16:34:00.000Z,16,1425.8,235.8,1425.3,6.04,0.999,50,1425.3
2022-02-20T16:35:00.000Z,27.3,2005.3,237.1,2004.6,8.456,0.999,50.1,2004.6
2022-02-20T16:36:00.000Z,27.4,2398.6,236.7,2397.9,10.135,0.999,50,2397.9
2022-02-20T16:37:00.000Z,18.7,1638.3,234.6,1637.7,6.975,0.999,50,1637.7
2022-02-20T16:38:00.000Z,42.1,2503.1,235.9,2501.7,10.609,0.999,49.9,2501.7
2022-02-20T16:39:00.000Z,19.6,2238.8,235.5,2238.4,9.505,0.999,49.9,2238.4
2022-02-20T16:40:00.000Z,19.2,1748.7,234.7,1748.3,7.446,0.999,49.9,1748.3
2022-02-20T16:41:00.000Z,6.7,985.7,233.3,985.3,4.23,0.999,50,985.3
2022-02-20T16:42:00.000Z,7.9,889.6,233,889.5,3.823,1,50,889.5
2022-02-20T16:43:00.000Z,16.8,1362.2,234.2,1361.9,5.816,0.999,50,1361.9
2022-02-20T16:44:00.000Z,16.7,1423.6,234.3,1423.3,6.068,0.999,50,1423.3
2022-02-20T16:45:00.000Z,11.9,1044.7,234.3,1044.5,4.463,0.999,50,1044.5
2022-02-20T16:46:00.000Z,9.7,1017.8,235.2,1017.6,4.337,0.999,49.9,1017.6
2022-02-20T16:47:00.000Z,21.8,2105.3,236.9,2104.8,8.887,0.999,50,2104.8
2022-02-20T16:48:00.000Z,24.6,2183.8,237.8,2183,9.185,0.999,49.9,2183
2022-02-20T16:49:00.000Z,13.1,1629.5,236.4,1628.7,6.886,0.999,49.9,1628.7
2022-02-20T16:50:00.000Z,16.9,1780.2,233.7,1779.8,7.622,0.999,49.9,1779.8
2022-02-20T16:51:00.000Z,11.8,1452.3,231.2,1451.7,6.275,0.999,50,1451.7
2022-02-20T16:52:00.000Z,16.5,1201.1,230.5,1200.7,5.208,0.999,50,1200.7
2022-02-20T16:53:00.000Z,20.7,1382.4,231.3,1381.9,5.967,0.999,49.9,1381.9
2022-02-20T16:54:00.000Z,10.4,1344.3,232.6,1343.9,5.776,0.999,50,1343.9
2022-02-20T16:55:00.000Z,28.3,1838.9,236.3,1837.9,7.781,0.999,50,1837.9
2022-02-20T16:56:00.000Z,16.6,1881.1,235.7,1880.6,7.98,0.999,50,1880.6
2022-02-20T16:57:00.000Z,28.9,1685.2,234.1,1684.5,7.197,0.999,49.9,1684.5
2022-02-20T16:58:00.000Z,6.9,1020.9,232.7,1020.4,4.397,0.999,50,1020.4
2022-02-20T16:59:00.000Z,20.9,1449.2,233,1448.9,6.214,0.999,50,1448.9
2022-02-20T17:00:00.000Z,28.7,2205.6,234.3,2205,9.413,0.999,50,2205
2022-02-20T17:01:00.000Z,23.5,2262.4,234.6,2261.6,9.646,0.999,49.9,2261.6
2022-02-20T17:02:00.000Z,22,1691,234.5,1690.5,7.209,0.999,49.9,1690.5
2022-02-20T17:03:00.000Z,17.5,1600.7,235,1599.9,6.81,0.999,49.9,1599.9
2022-02-20T17:04:00.000Z,16,1562.2,234.7,1561.8,6.658,0.999,49.9,1561.8
2022-02-20T17:05:00.000Z,10.4,899.7,233.8,899.4,3.855,0.999,49.9,899.4
2022-02-20T17:06:00.000Z,7,780.7,232.6,780.5,3.364,0.999,50,780.5
2022-02-20T17:07:00.000Z,11,893.3,233.1,893.1,3.838,1,49.9,893.1
2022-02-20T17:08:00.000Z,3.4,733.1,232.7,733,3.158,1,50,733
2022-02-20T17:09:00.000Z,8.5,819.2,232.2,818.9,3.534,0.999,49.9,818.9
2022-02-20T17:10:00.000Z,10.4,1278.6,231.2,1278.2,5.527,0.999,49.9,1278.2
2022-02-20T17:11:00.000Z,15.3,1470.7,229.9,1470.3,6.399,0.999,49.9,1470.3
2022-02-20T17:12:00.000Z,15.5,1270.1,230.3,1269.7,5.511,0.999,50,1269.7
2022-02-20T17:13:00.000Z,15.3,1778.8,235.1,1778.2,7.568,0.999,50,1778.2
2022-02-20T17:14:00.000Z,15.1,1368.9,235.8,1368.6,5.804,0.999,50,1368.6
2022-02-20T17:15:00.000Z,10.2,800,234.8,799.8,3.416,0.999,50,799.8
2022-02-20T17:16:00.000Z,6.7,741.4,235.4,741.1,3.158,0.999,50,741.1
2022-02-20T17:17:00.000Z,7.1,734.3,234.7,734.2,3.14,0.999,50,734.2
2022-02-20T17:18:00.000Z,11,917.3,234.6,917,3.916,0.999,49.9,917
2022-02-20T17:19:00.000Z,13.1,1152.3,235.9,1152.1,4.887,0.999,49.9,1152.1
2022-02-20T17:20:00.000Z,9,706.1,234.6,705.8,3.017,0.999,49.9,705.8
2022-02-20T17:21:00.000Z,3.3,622.1,234.7,622,2.661,0.999,49.9,622
2022-02-20T17:22:00.000Z,5.3,731.6,234.6,731.5,3.126,0.999,50,731.5
2022-02-20T17:23:00.000Z,5.7,866.1,235.3,866,3.689,1,50,866
2022-02-20T17:24:00.000Z,13.9,1168.1,234.8,1167.8,4.979,0.999,49.9,1167.8
2022-02-20T17:25:00.000Z,12.8,1300.6,235.8,1300.3,5.522,0.999,49.9,1300.3
2022-02-20T17:26:00.000Z,4.1,831.1,234.3,831,3.553,1,50,831
2022-02-20T17:27:00.000Z,16,1230.1,235.4,1229.8,5.227,0.999,49.9,1229.8
2022-02-20T17:28:00.000Z,11.3,1170.3,234.2,1170.1,4.999,0.999,49.9,1170.1
2022-02-20T17:29:00.000Z,5.1,659.4,233.2,659.3,2.84,1,49.9,659.3
2022-02-20T17:30:00.000Z,9.3,737.9,234.1,737.8,3.16,0.999,49.9,737.8
2022-02-20T17:31:00.000Z,3,650.1,234.4,650.1,2.783,1,49.9,650.1
2022-02-20T17:32:00.000Z,7.1,746.1,235,745.9,3.182,1,50,745.9
2022-02-20T17:33:00.000Z,8.1,943.1,235.5,942.9,4.01,0.999,50,942.9
2022-02-20T17:34:00.000Z,10.5,1001.9,234.3,1001.8,4.281,0.999,50,1001.8
2022-02-20T17:35:00.000Z,10.5,920.7,232.8,920.4,3.964,0.999,50,920.4
2022-02-20T17:36:00.000Z,3.3,755.7,232.3,755.6,3.26,1,50,755.6
2022-02-20T17:37:00.000Z,8.5,809.7,233.6,809.6,3.474,1,50,809.6
2022-02-20T17:38:00.000Z,11,784.1,233.7,783.9,3.364,0.999,49.8,783.9
2022-02-20T17:39:00.000Z,8,755.5,234.2,755.3,3.235,0.999,49.7,755.3
2022-02-20T17:40:00.000Z,9,913.8,234.7,913.6,3.898,0.999,49.8,913.6
2022-02-20T17:41:00.000Z,8.1,1035.6,235.5,1035.2,4.402,0.999,50,1035.2
2022-02-20T17:42:00.000Z,7.6,797.9,235.5,797.8,3.4,0.999,50,797.8
2022-02-20T17:43:00.000Z,6.1,705.4,234.7,705.2,3.013,0.999,49.9,705.2
2022-02-20T17:44:00.000Z,5.4,544.6,234.5,544.5,2.333,0.999,49.9,544.5
2022-02-20T17:45:00.000Z,1,424.2,233.8,424,1.828,0.999,49.9,424
2022-02-20T17:46:00.000Z,0.5,325.2,233.7,325.2,1.409,1,49.9,325.2
2022-02-20T17:47:00.000Z,0.4,267.8,234.3,267.8,1.166,1,49.9,267.8
2022-02-20T17:48:00.000Z,-1.2,240.7,234.7,240.7,1.059,1,49.9,240.7
2022-02-20T17:49:00.000Z,-0.8,215.5,235,215.4,0.918,1,49.9,215.4
2022-02-20T17:50:00.000Z,-1.1,192.1,235.1,192.1,0.817,1,49.9,192.1
2022-02-20T17:51:00.000Z,-1.9,174.9,234.8,174.9,0.744,1,50,174.9
2022-02-20T17:52:00.000Z,-1.8,155.1,235.2,155.1,0.659,1,49.9,155.1
2022-02-20T17:53:00.000Z,-2.3,128.8,234.9,128.8,0.548,1,49.9,128.8
2022-02-20T17:54:00.000Z,-2.7,107.5,233.7,107.5,0.459,1,49.9,107.5
2022-02-20T17:55:00.000Z,-2.7,89.3,233.1,89.3,0.383,0.999,49.9,89.3
2022-02-20T17:56:00.000Z,-2.3,77.6,233.2,77.5,0.332,0.999,49.9,77.5
2022-02-20T17:57:00.000Z,-2.4,67.5,234.9,67.4,0.287,0.999,49.9,67.4
2022-02-20T17:58:00.000Z,-3.2,62.7,234.3,62.6,0.267,0.999,49.9,62.6
2022-02-20T17:59:00.000Z,-2.9,59.4,235.2,59.4,0.252,0.999,49.9,59.4
2022-02-20T18:00:00.000Z,-2.5,55.9,233.3,55.9,0.239,0.999,49.9,55.9
2022-02-20T18:01:00.000Z,-2.9,55,233.3,54.9,0.235,0.999,49.9,54.9
2022-02-20T18:02:00.000Z,-2.5,60.4,233.1,60.3,0.258,0.999,50,60.3
2022-02-20T18:03:00.000Z,-2.8,68.4,234.5,68.4,0.291,0.998,50,68.4
2022-02-20T18:04:00.000Z,-2.2,75.7,235.8,75.6,0.321,0.999,50,75.6
2022-02-20T18:05:00.000Z,-2.7,82.7,236.8,82.7,0.349,0.999,50,82.7
2022-02-20T18:06:00.000Z,-2.2,79.1,237.1,79.1,0.333,0.999,49.9,79.1
2022-02-20T18:07:00.000Z,-2.4,77.2,237.3,77.1,0.325,0.999,49.9,77.1
2022-02-20T18:08:00.000Z,-2.5,79.4,237.1,79.4,0.334,0.999,49.9,79.4
2022-02-20T18:09:00.000Z,-2.4,80.1,237,80,0.337,0.999,49.9,80
2022-02-20T18:10:00.000Z,-2.6,84.4,236.2,84.3,0.357,0.999,50,84.3
2022-02-20T18:11:00.000Z,-2.2,108.3,235.9,108.2,0.458,1,50,108.2
2022-02-20T18:12:00.000Z,-1.6,144.3,236.6,144.3,0.609,1,50,144.3
2022-02-20T18:13:00.000Z,-1,195.7,236.8,195.7,0.828,1,49.9,195.7
2022-02-20T18:14:00.000Z,0.8,274.3,236.2,274.3,1.183,1,49.8,274.3
2022-02-20T18:15:00.000Z,-0.3,296.1,234.7,296.1,1.292,1,49.8,296.1
2022-02-20T18:16:00.000Z,-1.1,235.2,235.2,235.1,1.011,1,49.9,235.1
2022-02-20T18:17:00.000Z,-1.8,173.5,235.5,173.4,0.736,1,50,173.4
2022-02-20T18:18:00.000Z,-2.1,144.8,234,144.7,0.618,0.999,50,144.7
2022-02-20T18:19:00.000Z,-1.4,156.6,233.7,156.6,0.67,1,50,156.6
2022-02-20T18:20:00.000Z,-1.7,136.5,233.9,136.4,0.583,1,49.9,136.4
2022-02-20T18:21:00.000Z,-2.4,124.6,232.6,124.6,0.535,1,49.9,124.6
2022-02-20T18:22:00.000Z,-2.6,137.5,231.7,137.5,0.593,1,49.9,137.5
2022-02-20T18:23:00.000Z,-2.1,154.9,227.2,154.8,0.681,1,49.9,154.8
2022-02-20T18:24:00.000Z,-3.2,160,226.5,160,0.706,0.999,50,160
2022-02-20T18:25:00.000Z,-2,145.9,228.3,145.8,0.639,0.999,50,145.8
2022-02-20T18:26:00.000Z,-2.2,121.5,230.5,121.4,0.526,1,50,121.4
2022-02-20T18:27:00.000Z,-2.7,108.9,232.1,108.9,0.469,0.999,50,108.9
2022-02-20T18:28:00.000Z,-1.7,102.5,230,102.5,0.445,1,49.9,102.5
2022-02-20T18:29:00.000Z,-2.2,102.4,231.2,102.4,0.443,1,49.9,102.4
2022-02-20T18:30:00.000Z,-1.6,99.4,233.7,99.4,0.425,1,50,99.4
2022-02-20T18:31:00.000Z,-1.6,114.1,234.2,114.1,0.487,1,49.9,114.1
2022-02-20T18:32:00.000Z,-1.7,122.1,234.5,122.1,0.52,1,49.9,122.1
2022-02-20T18:33:00.000Z,-1.1,132.7,237,132.7,0.559,1,49.9,132.7
2022-02-20T18:34:00.000Z,-0.7,112.5,239.2,112.5,0.47,1,49.9,112.5
2022-02-20T18:35:00.000Z,-1,89.6,239.6,89.6,0.374,1,49.9,89.6
2022-02-20T18:36:00.000Z,-1.7,85,238.6,85,0.356,1,49.9,85
2022-02-20T18:37:00.000Z,-1.8,85.2,238.5,85.2,0.357,1,49.9,85.2
2022-02-20T18:38:00.000Z,-2.1,85.4,237.3,85.4,0.359,1,49.9,85.4
2022-02-20T18:39:00.000Z,-2.3,71.2,236.4,71.1,0.301,0.999,49.9,71.1
2022-02-20T18:40:00.000Z,-2.3,53.7,235.3,53.6,0.228,0.998,49.9,53.6
2022-02-20T18:41:00.000Z,-3,38.3,234.9,38.2,0.163,0.996,49.9,38.2
2022-02-20T18:42:00.000Z,-3.1,30.2,235.3,30,0.128,0.995,49.9,30
2022-02-20T18:43:00.000Z,-3.3,24,235,23.8,0.102,0.991,49.9,23.8
2022-02-20T18:44:00.000Z,-3.5,18.3,235.1,18,0.077,0.983,50,18
2022-02-20T18:45:00.000Z,-3.5,11.6,234.9,11.1,0.049,0.951,50,11.1
2022-02-20T18:46:00.000Z,-2,4.2,234.5,3.5,0.018,0.536,49.9,3.5
2022-02-20T18:47:00.000Z,13.6,13.7,235,1,0.058,0.061,49.9,1
2022-02-20T18:48:00.000Z,0,0,235.2,0,0,0,49.9,0
2022-02-20T18:49:00.000Z,0,0,235.3,0,0,0,49.9,0
2022-02-20T18:50:00.000Z,0,0,235.1,0,0,0,49.9,0
2022-02-20T18:51:00.000Z,0,0,235.3,0,0,0,49.9,0
2022-02-20T18:52:00.000Z,0,0,235.5,0,0,0,49.9,0
2022-02-20T18:53:00.000Z,0,0,236.1,0,0,0,49.9,0
2022-02-20T18:54:00.000Z,0,0,236.1,0,0,0,49.9,0
2022-02-20T18:55:00.000Z,0,0,235.9,0,0,0,49.9,0
2022-02-20T18:56:00.000Z,0,0,235.4,0,0,0,49.9,0
2022-02-20T18:57:00.000Z,0,0,235,0,0,0,49.9,0
2022-02-20T18:58:00.000Z,0,0,234,0,0,0,49.8,0
2022-02-20T18:59:00.000Z,0,0,234.9,0,0,0,49.9,0
2022-02-20T19:00:00.000Z,0,0,235.9,0,0,0,49.9,0
2022-02-20T19:01:00.000Z,0,0,236.2,0,0,0,49.8,0
2022-02-20T19:02:00.000Z,0,0,235.7,0,0,0,49.9,0
2022-02-20T19:03:00.000Z,0,0,235.7,0,0,0,49.9,0
2022-02-20T19:04:00.000Z,0,0,235.4,0,0,0,50,0
2022-02-20T19:05:00.000Z,0,0,235.5,0,0,0,49.9,0
2022-02-20T19:06:00.000Z,0,0,232.9,0,0,0,49.9,0
2022-02-20T19:07:00.000Z,0,0,232,0,0,0,49.9,0
2022-02-20T19:08:00.000Z,0,0,231.3,0,0,0,50,0
2022-02-20T19:09:00.000Z,0,0,230.6,0,0,0,49.9,0
2022-02-20T19:10:00.000Z,0,0,231,0,0,0,50,0
2022-02-20T19:11:00.000Z,0,0,230.8,0,0,0,49.9,0
2022-02-20T19:12:00.000Z,0,0,230.8,0,0,0,49.8,0
2022-02-20T19:13:00.000Z,0,0,230.9,0,0,0,49.9,0
2022-02-20T19:14:00.000Z,0,0,230.9,0,0,0,49.9,0
2022-02-20T19:15:00.000Z,0,0,230.5,0,0,0,49.9,0
2022-02-20T19:16:00.000Z,0,0,230.5,0,0,0,49.9,0
2022-02-20T19:17:00.000Z,0,0,230.7,0,0,0,49.9,0
2022-02-20T19:18:00.000Z,0,0,230.2,0,0,0,49.9,0
2022-02-20T19:19:00.000Z,0,0,229.6,0,0,0,49.9,0
2022-02-20T19:20:00.000Z,0,0,228.2,0,0,0,49.9,0
2022-02-20T19:21:00.000Z,0,0,227,0,0,0,49.9,0
2022-02-20T19:22:00.000Z,0,0,227,0,0,0,49.9,0
2022-02-20T19:23:00.000Z,0,0,228.2,0,0,0,49.9,0
2022-02-20T19:24:00.000Z,0,0,229.4,0,0,0,49.9,0
2022-02-20T19:25:00.000Z,0,0,229.8,0,0,0,49.9,0
2022-02-20T19:26:00.000Z,0,0,230.1,0,0,0,49.9,0
2022-02-20T19:27:00.000Z,0,0,229.8,0,0,0,49.9,0
2022-02-20T19:28:00.000Z,0,0,229.3,0,0,0,49.9,0
2022-02-20T19:29:00.000Z,0,0,229.4,0,0,0,49.9,0
2022-02-20T19:30:00.000Z,0,0,230.4,0,0,0,50,0
2022-02-20T19:31:00.000Z,0,0,229.8,0,0,0,49.9,0
2022-02-20T19:32:00.000Z,0,0,229.8,0,0,0,49.9,0
2022-02-20T19:33:00.000Z,0,0,229.9,0,0,0,49.9,0
2022-02-20T19:34:00.000Z,0,0,229.7,0,0,0,49.9,0
2022-02-20T19:35:00.000Z,0,0,229.7,0,0,0,49.9,0
2022-02-20T19:36:00.000Z,0,0,228.6,0,0,0,49.9,0
2022-02-20T19:37:00.000Z,0,0,228,0,0,0,49.9,0
2022-02-20T19:38:00.000Z,0,0,224.6,0,0,0,49.9,0
2022-02-20T19:39:00.000Z,0,0,224,0,0,0,49.9,0
2022-02-20T19:40:00.000Z,0,0,223.7,0,0,0,49.9,0
2022-02-20T19:41:00.000Z,0,0,223,0,0,0,49.9,0
2022-02-20T19:42:00.000Z,0,0,223,0,0,0,49.9,0
2022-02-20T19:43:00.000Z,0,0,222.8,0,0,0,49.9,0
2022-02-20T19:44:00.000Z,0,0,226.2,0,0,0,50,0
2022-02-20T19:45:00.000Z,0,0,226.1,0,0,0,49.9,0
2022-02-20T19:46:00.000Z,0,0,225.3,0,0,0,49.9,0
2022-02-20T19:47:00.000Z,0,0,225,0,0,0,49.9,0
2022-02-20T19:48:00.000Z,0,0,225.6,0,0,0,49.9,0
2022-02-20T19:49:00.000Z,0,0,227.2,0,0,0,49.9,0
2022-02-20T19:50:00.000Z,0,0,226.2,0,0,0,49.9,0
2022-02-20T19:51:00.000Z,0,0,226.3,0,0,0,49.9,0
2022-02-20T19:52:00.000Z,0,0,226.2,0,0,0,49.9,0
2022-02-20T19:53:00.000Z,0,0,226.6,0,0,0,50,0
2022-02-20T19:54:00.000Z,0,0,226.2,0,0,0,49.9,0
2022-02-20T19:55:00.000Z,0,0,225,0,0,0,49.9,0
2022-02-20T19:56:00.000Z,0,0,226,0,0,0,50,0
2022-02-20T19:57:00.000Z,0,0,225.6,0,0,0,49.9,0
2022-02-20T19:58:00.000Z,0,0,225.1,0,0,0,49.9,0
2022-02-20T19:59:00.000Z,0,0,225.6,0,0,0,49.9,0
2022-02-20T20:00:00.000Z,0,0,224.6,0,0,0,49.9,0
2022-02-20T20:01:00.000Z,0,0,225.2,0,0,0,49.9,0
2022-02-20T20:02:00.000Z,0,0,225.9,0,0,0,50,0
2022-02-20T20:03:00.000Z,0,0,225.8,0,0,0,49.9,0
2022-02-20T20:04:00.000Z,0,0,227.5,0,0,0,50,0
2022-02-20T20:05:00.000Z,0,0,227.4,0,0,0,50,0
2022-02-20T20:06:00.000Z,0,0,227.7,0,0,0,49.9,0
2022-02-20T20:07:00.000Z,0,0,227.6,0,0,0,50,0
2022-02-20T20:08:00.000Z,0,0,226.6,0,0,0,49.9,0
2022-02-20T20:09:00.000Z,0,0,227.5,0,0,0,49.9,0
2022-02-20T20:10:00.000Z,0,0,226,0,0,0,49.9,0
2022-02-20T20:11:00.000Z,0,0,225.9,0,0,0,49.9,0
2022-02-20T20:12:00.000Z,0,0,226,0,0,0,49.9,0
2022-02-20T20:13:00.000Z,0,0,225.8,0,0,0,49.9,0
2022-02-20T20:14:00.000Z,0,0,227.2,0,0,0,49.9,0
2022-02-20T20:15:00.000Z,0,0,226.7,0,0,0,50,0
2022-02-20T20:16:00.000Z,0,0,226.8,0,0,0,50,0
2022-02-20T20:17:00.000Z,0,0,226.7,0,0,0,50,0
2022-02-20T20:18:00.000Z,0,0,225.5,0,0,0,49.9,0
2022-02-20T20:19:00.000Z,0,0,226.6,0,0,0,49.9,0
2022-02-20T20:20:00.000Z,0,0,226.7,0,0,0,50,0
2022-02-20T20:21:00.000Z,0,0,227.2,0,0,0,50,0
2022-02-20T20:22:00.000Z,0,0,227.7,0,0,0,50,0
2022-02-20T20:23:00.000Z,0,0,227,0,0,0,49.9,0
2022-02-20T20:24:00.000Z,0,0,227.1,0,0,0,49.9,0
2022-02-20T20:25:00.000Z,0,0,226.1,0,0,0,50,0
2022-02-20T20:26:00.000Z,0,0,226,0,0,0,49.9,0
2022-02-20T20:27:00.000Z,0,0,226,0,0,0,50,0
2022-02-20T20:28:00.000Z,0,0,226,0,0,0,49.9,0
2022-02-20T20:29:00.000Z,0,0,225.7,0,0,0,49.9,0
2022-02-20T20:30:00.000Z,0,0,225.2,0,0,0,49.9,0
2022-02-20T20:31:00.000Z,0,0,225.2,0,0,0,49.9,0
2022-02-20T20:32:00.000Z,0,0,225.5,0,0,0,49.9,0
2022-02-20T20:33:00.000Z,0,0,223.5,0,0,0,50,0
2022-02-20T20:34:00.000Z,0,0,223.7,0,0,0,49.9,0
2022-02-20T20:35:00.000Z,0,0,222.8,0,0,0,49.9,0
2022-02-20T20:36:00.000Z,0,0,224.5,0,0,0,49.9,0
2022-02-20T20:37:00.000Z,0,0,225.5,0,0,0,49.9,0
2022-02-20T20:38:00.000Z,0,0,225.4,0,0,0,49.9,0
2022-02-20T20:39:00.000Z,0,0,225.4,0,0,0,49.9,0
2022-02-20T20:40:00.000Z,0,0,225.5,0,0,0,49.9,0
2022-02-20T20:41:00.000Z,0,0,226.2,0,0,0,49.9,0
2022-02-20T20:42:00.000Z,0,0,226.3,0,0,0,49.9,0
2022-02-20T20:43:00.000Z,0,0,226.6,0,0,0,49.9,0
2022-02-20T20:44:00.000Z,0,0,227.1,0,0,0,49.9,0
2022-02-20T20:45:00.000Z,0,0,226.6,0,0,0,50,0
2022-02-20T20:46:00.000Z,0,0,227.1,0,0,0,49.9,0
2022-02-20T20:47:00.000Z,0,0,227.9,0,0,0,50,0
2022-02-20T20:48:00.000Z,0,0,227.3,0,0,0,50,0
2022-02-20T20:49:00.000Z,0,0,227.4,0,0,0,49.9,0
2022-02-20T20:50:00.000Z,0,0,227.6,0,0,0,49.9,0
2022-02-20T20:51:00.000Z,0,0,227.7,0,0,0,49.9,0
2022-02-20T20:52:00.000Z,0,0,227.4,0,0,0,49.9,0
2022-02-20T20:53:00.000Z,0,0,227.8,0,0,0,49.9,0
2022-02-20T20:54:00.000Z,0,0,227.3,0,0,0,49.9,0
2022-02-20T20:55:00.000Z,0,0,226.5,0,0,0,49.9,0
2022-02-20T20:56:00.000Z,0,0,226,0,0,0,49.9,0
2022-02-20T20:57:00.000Z,0,0,225.3,0,0,0,49.9,0
2022-02-20T20:58:00.000Z,0,0,224.4,0,0,0,49.9,0
2022-02-20T20:59:00.000Z,0,0,224.3,0,0,0,50,0
2022-02-20T21:00:00.000Z,0,0,225,0,0,0,49.9,0
2022-02-20T21:01:00.000Z,0,0,224.8,0,0,0,49.8,0
2022-02-20T21:02:00.000Z,0,0,225.3,0,0,0,49.9,0
2022-02-20T21:03:00.000Z,0,0,226.1,0,0,0,50,0
2022-02-20T21:04:00.000Z,0,0,226.4,0,0,0,50,0
2022-02-20T21:05:00.000Z,0,0,227.1,0,0,0,50,0
2022-02-20T21:06:00.000Z,0,0,227.3,0,0,0,50,0
2022-02-20T21:07:00.000Z,0,0,227.4,0,0,0,50,0
2022-02-20T21:08:00.000Z,0,0,227.8,0,0,0,50,0
2022-02-20T21:09:00.000Z,0,0,227,0,0,0,49.9,0
2022-02-20T21:10:00.000Z,0,0,226.7,0,0,0,49.9,0
2022-02-20T21:11:00.000Z,0,0,226.7,0,0,0,50,0
2022-02-20T21:12:00.000Z,0,0,226.6,0,0,0,49.9,0
2022-02-20T21:13:00.000Z,0,0,226.3,0,0,0,49.9,0
2022-02-20T21:14:00.000Z,0,0,226.4,0,0,0,49.9,0
2022-02-20T21:15:00.000Z,0,0,224.4,0,0,0,49.9,0
2022-02-20T21:16:00.000Z,0,0,221.9,0,0,0,50,0
2022-02-20T21:17:00.000Z,0,0,222.6,0,0,0,49.9,0
2022-02-20T21:18:00.000Z,0,0,223,0,0,0,49.8,0
2022-02-20T21:19:00.000Z,0,0,223.3,0,0,0,49.9,0
2022-02-20T21:20:00.000Z,0,0,223.2,0,0,0,49.9,0
2022-02-20T21:21:00.000Z,0,0,224.9,0,0,0,49.9,0
2022-02-20T21:22:00.000Z,0,0,227.3,0,0,0,50,0
2022-02-20T21:23:00.000Z,0,0,227.5,0,0,0,50,0
2022-02-20T21:24:00.000Z,0,0,227.1,0,0,0,50,0
2022-02-20T21:25:00.000Z,0,0,226.1,0,0,0,49.9,0
2022-02-20T21:26:00.000Z,0,0,226.2,0,0,0,49.9,0
2022-02-20T21:27:00.000Z,0,0,226.2,0,0,0,49.9,0
2022-02-20T21:28:00.000Z,0,0,224.7,0,0,0,50,0
2022-02-20T21:29:00.000Z,0,0,224.6,0,0,0,49.9,0
2022-02-20T21:30:00.000Z,0,0,224.3,0,0,0,49.9,0
2022-02-20T21:31:00.000Z,0,0,224.3,0,0,0,49.9,0
2022-02-20T21:32:00.000Z,0,0,224.2,0,0,0,49.9,0
2022-02-20T21:33:00.000Z,0,0,224.3,0,0,0,49.9,0
2022-02-20T21:34:00.000Z,0,0,226.4,0,0,0,49.9,0
2022-02-20T21:35:00.000Z,0,0,227.4,0,0,0,49.9,0
2022-02-20T21:36:00.000Z,0,0,227.7,0,0,0,49.9,0
2022-02-20T21:37:00.000Z,0,0,228,0,0,0,50,0
2022-02-20T21:38:00.000Z,0,0,227.1,0,0,0,49.9,0
2022-02-20T21:39:00.000Z,0,0,226.3,0,0,0,49.9,0
2022-02-20T21:40:00.000Z,0,0,225.1,0,0,0,49.9,0
2022-02-20T21:41:00.000Z,0,0,224.9,0,0,0,50,0
2022-02-20T21:42:00.000Z,0,0,226.1,0,0,0,50,0
2022-02-20T21:43:00.000Z,0,0,225.1,0,0,0,49.9,0
2022-02-20T21:44:00.000Z,0,0,225.4,0,0,0,49.9,0
2022-02-20T21:45:00.000Z,0,0,225.6,0,0,0,49.9,0
2022-02-20T21:46:00.000Z,0,0,226.3,0,0,0,50,0
2022-02-20T21:47:00.000Z,0,0,225.7,0,0,0,50,0
2022-02-20T21:48:00.000Z,0,0,225.9,0,0,0,50,0
2022-02-20T21:49:00.000Z,0,0,225.9,0,0,0,50,0
2022-02-20T21:50:00.000Z,0,0,226,0,0,0,50,0
2022-02-20T21:51:00.000Z,0,0,226.1,0,0,0,49.9,0
2022-02-20T21:52:00.000Z,0,0,226.2,0,0,0,49.9,0
2022-02-20T21:53:00.000Z,0,0,226.9,0,0,0,49.9,0
2022-02-20T21:54:00.000Z,0,0,227.3,0,0,0,49.9,0
2022-02-20T21:55:00.000Z,0,0,227.5,0,0,0,49.9,0
2022-02-20T21:56:00.000Z,0,0,228,0,0,0,49.9,0
2022-02-20T21:57:00.000Z,0,0,227.9,0,0,0,50,0
2022-02-20T21:58:00.000Z,0,0,228,0,0,0,49.9,0
2022-02-20T21:59:00.000Z,0,0,227.4,0,0,0,49.9,0
2022-02-20T22:00:00.000Z,0,0,225.9,0,0,0,50,0
2022-02-20T22:01:00.000Z,0,0,225.9,0,0,0,49.8,0
2022-02-20T22:02:00.000Z,0,0,226,0,0,0,49.8,0
2022-02-20T22:03:00.000Z,0,0,227.1,0,0,0,49.9,0
2022-02-20T22:04:00.000Z,0,0,229,0,0,0,49.9,0
2022-02-20T22:05:00.000Z,0,0,228.2,0,0,0,50,0
2022-02-20T22:06:00.000Z,0,0,228.3,0,0,0,50,0
2022-02-20T22:07:00.000Z,0,0,227.5,0,0,0,49.9,0
2022-02-20T22:08:00.000Z,0,0,227.1,0,0,0,50,0
2022-02-20T22:09:00.000Z,0,0,227.2,0,0,0,49.9,0
2022-02-20T22:10:00.000Z,0,0,228,0,0,0,49.9,0
2022-02-20T22:11:00.000Z,0,0,227.7,0,0,0,50,0
2022-02-20T22:12:00.000Z,0,0,228,0,0,0,50,0
2022-02-20T22:13:00.000Z,0,0,227.9,0,0,0,49.9,0
2022-02-20T22:14:00.000Z,0,0,228.1,0,0,0,49.9,0
2022-02-20T22:15:00.000Z,0,0,227.9,0,0,0,49.9,0
2022-02-20T22:16:00.000Z,0,0,228,0,0,0,49.9,0
2022-02-20T22:17:00.000Z,0,0,228.7,0,0,0,49.9,0
2022-02-20T22:18:00.000Z,0,0,229.5,0,0,0,49.9,0
2022-02-20T22:19:00.000Z,0,0,229,0,0,0,49.9,0
2022-02-20T22:20:00.000Z,0,0,229.9,0,0,0,49.9,0
2022-02-20T22:21:00.000Z,0,0,229.4,0,0,0,50,0
2022-02-20T22:22:00.000Z,0,0,229.1,0,0,0,50,0
2022-02-20T22:23:00.000Z,0,0,225.6,0,0,0,50,0
2022-02-20T22:24:00.000Z,0,0,226,0,0,0,50,0
2022-02-20T22:25:00.000Z,0,0,226.1,0,0,0,49.9,0
2022-02-20T22:26:00.000Z,0,0,225.4,0,0,0,50,0
2022-02-20T22:27:00.000Z,0,0,226.8,0,0,0,50,0
2022-02-20T22:28:00.000Z,0,0,230.3,0,0,0,49.9,0
2022-02-20T22:29:00.000Z,0,0,230.3,0,0,0,49.9,0
2022-02-20T22:30:00.000Z,0,0,230.4,0,0,0,49.9,0
2022-02-20T22:31:00.000Z,0,0,230.8,0,0,0,50,0
2022-02-20T22:32:00.000Z,0,0,230.7,0,0,0,49.9,0
2022-02-20T22:33:00.000Z,0,0,230.2,0,0,0,50,0
2022-02-20T22:34:00.000Z,0,0,229.8,0,0,0,50,0
2022-02-20T22:35:00.000Z,0,0,229,0,0,0,49.9,0
2022-02-20T22:36:00.000Z,0,0,227.2,0,0,0,49.9,0
2022-02-20T22:37:00.000Z,0,0,227.3,0,0,0,49.9,0
2022-02-20T22:38:00.000Z,0,0,227.2,0,0,0,49.8,0
2022-02-20T22:39:00.000Z,0,0,228.4,0,0,0,49.8,0
2022-02-20T22:40:00.000Z,0,0,229.8,0,0,0,49.9,0
2022-02-20T22:41:00.000Z,0,0,230,0,0,0,50,0
2022-02-20T22:42:00.000Z,0,0,230.2,0,0,0,50,0
2022-02-20T22:43:00.000Z,0,0,229.8,0,0,0,50,0
2022-02-20T22:44:00.000Z,0,0,229.7,0,0,0,50,0
2022-02-20T22:45:00.000Z,0,0,229.5,0,0,0,50,0
2022-02-20T22:46:00.000Z,0,0,228.5,0,0,0,49.9,0
2022-02-20T22:47:00.000Z,0,0,229.5,0,0,0,49.9,0
2022-02-20T22:48:00.000Z,0,0,229.7,0,0,0,50,0
2022-02-20T22:49:00.000Z,0,0,230.3,0,0,0,49.9,0
2022-02-20T22:50:00.000Z,0,0,229.6,0,0,0,49.9,0
2022-02-20T22:51:00.000Z,0,0,229.7,0,0,0,49.9,0
2022-02-20T22:52:00.000Z,0,0,230.1,0,0,0,50,0
2022-02-20T22:53:00.000Z,0,0,230.5,0,0,0,50,0
2022-02-20T22:54:00.000Z,0,0,230,0,0,0,50,0
2022-02-20T22:55:00.000Z,0,0,229.3,0,0,0,49.9,0
2022-02-20T22:56:00.000Z,0,0,228.2,0,0,0,49.9,0
2022-02-20T22:57:00.000Z,0,0,227.8,0,0,0,50,0
2022-02-20T22:58:00.000Z,0,0,223.2,0,0,0,49.9,0
2022-02-20T22:59:00.000Z,0,0,222.6,0,0,0,49.9,0
2022-02-20T23:00:00.000Z,0,0,222.8,0,0,0,50,0
2022-02-20T23:01:00.000Z,0,0,222.7,0,0,0,50,0
2022-02-20T23:02:00.000Z,0,0,222.7,0,0,0,49.9,0
2022-02-20T23:03:00.000Z,0,0,222.8,0,0,0,49.9,0
2022-02-20T23:04:00.000Z,0,0,223,0,0,0,49.9,0
2022-02-20T23:05:00.000Z,0,0,223.6,0,0,0,49.9,0
2022-02-20T23:06:00.000Z,0,0,224.3,0,0,0,49.9,0
2022-02-20T23:07:00.000Z,0,0,223.4,0,0,0,49.9,0
2022-02-20T23:08:00.000Z,0,0,224.7,0,0,0,50,0
2022-02-20T23:09:00.000Z,0,0,224.4,0,0,0,50,0
2022-02-20T23:10:00.000Z,0,0,225.4,0,0,0,50,0
2022-02-20T23:11:00.000Z,0,0,225.6,0,0,0,50,0
2022-02-20T23:12:00.000Z,0,0,223.4,0,0,0,49.9,0
2022-02-20T23:13:00.000Z,0,0,223.7,0,0,0,49.9,0
2022-02-20T23:14:00.000Z,0,0,223.1,0,0,0,49.9,0
2022-02-20T23:15:00.000Z,0,0,220.1,0,0,0,49.9,0
2022-02-20T23:16:00.000Z,0,0,219.9,0,0,0,50,0
2022-02-20T23:17:00.000Z,0,0,219.3,0,0,0,50,0
2022-02-20T23:18:00.000Z,0,0,221.4,0,0,0,50,0
2022-02-20T23:19:00.000Z,0,0,228,0,0,0,49.9,0
2022-02-20T23:20:00.000Z,0,0,230,0,0,0,50,0
2022-02-20T23:21:00.000Z,0,0,230.1,0,0,0,50,0
2022-02-20T23:22:00.000Z,0,0,230,0,0,0,50,0
2022-02-20T23:23:00.000Z,0,0,229.5,0,0,0,49.9,0
2022-02-20T23:24:00.000Z,0,0,229.5,0,0,0,50,0
2022-02-20T23:25:00.000Z,0,0,230.1,0,0,0,49.9,0
2022-02-20T23:26:00.000Z,0,0,230.6,0,0,0,50,0
2022-02-20T23:27:00.000Z,0,0,230.2,0,0,0,50,0
2022-02-20T23:28:00.000Z,0,0,230.1,0,0,0,50,0
2022-02-20T23:29:00.000Z,0,0,229.1,0,0,0,50,0
2022-02-20T23:30:00.000Z,0,0,228.6,0,0,0,50,0
2022-02-20T23:31:00.000Z,0,0,228.9,0,0,0,50,0
2022-02-20T23:32:00.000Z,0,0,229,0,0,0,50,0
2022-02-20T23:33:00.000Z,0,0,230.1,0,0,0,49.9,0
2022-02-20T23:34:00.000Z,0,0,229.9,0,0,0,50,0
2022-02-20T23:35:00.000Z,0,0,229.6,0,0,0,49.9,0
2022-02-20T23:36:00.000Z,0,0,225.6,0,0,0,49.9,0
2022-02-20T23:37:00.000Z,0,0,225.5,0,0,0,50,0
2022-02-20T23:38:00.000Z,0,0,225.1,0,0,0,50,0
2022-02-20T23:39:00.000Z,0,0,225.1,0,0,0,50,0
2022-02-20T23:40:00.000Z,0,0,225.4,0,0,0,50,0
2022-02-20T23:41:00.000Z,0,0,226.2,0,0,0,50,0
2022-02-20T23:42:00.000Z,0,0,226,0,0,0,50,0
2022-02-20T23:43:00.000Z,0,0,225.8,0,0,0,50,0
2022-02-20T23:44:00.000Z,0,0,226,0,0,0,50,0
2022-02-20T23:45:00.000Z,0,0,226.2,0,0,0,50,0
2022-02-20T23:46:00.000Z,0,0,226.7,0,0,0,50,0
2022-02-20T23:47:00.000Z,0,0,226.3,0,0,0,50,0
2022-02-20T23:48:00.000Z,0,0,224.9,0,0,0,50,0
2022-02-20T23:49:00.000Z,0,0,224.8,0,0,0,50,0
2022-02-20T23:50:00.000Z,0,0,224.8,0,0,0,49.9,0
2022-02-20T23:51:00.000Z,0,0,226.7,0,0,0,49.9,0
2022-02-20T23:52:00.000Z,0,0,226.7,0,0,0,49.9,0
2022-02-20T23:53:00.000Z,0,0,230.7,0,0,0,49.9,0
2022-02-20T23:54:00.000Z,0,0,231.4,0,0,0,50,0
2022-02-20T23:55:00.000Z,0,0,231.2,0,0,0,49.9,0
2022-02-20T23:56:00.000Z,0,0,231.6,0,0,0,49.9,0
2022-02-20T23:57:00.000Z,0,0,230.3,0,0,0,49.9,0
2022-02-20T23:58:00.000Z,0,0,229.1,0,0,0,50,0
2022-02-20T23:59:00.000Z,0,0,229,0,0,0,49.9,0
